21
0 F
2 0 0
-1 1
0 B
2 0 100
-2 1
0 F
0
-100 100
5 F
0 0 0 0 0 1 1 1
-1 4            
5 B
0 0 0 0 0 1 1 1
-1 4            
-3 F
0 0 0 0 0 1 1 1
-1 1     
1 F
0 0 0 0 0 1 1 1
-1 1
0 F
60 0 60 0 0 0 0 0 0
-1 1
1 F
0 0
0 1
100 F
100 100 100 100 100 100 100 100 100
-100 100
-240 F
60 60 60 60 60 60 60 60 60
-1 1
0 F
0 0 0 0 0 0 0 0 0
-0 0
42 F
2 1 -16 30 -3
-3 3
0 F
2 4
-1 1
42 B
2 1 -16 30 -3
-100 100
2 F
2 4
-1 1
2 B
2 4
-1 1
45 F
6 30 60 60 75 14
-2 5
45 B
6 30 60 60 75 14
-2 5
7 F
1 -8 24 -25 -11
0 7
7 B
1 -8 24 -25 -11
0 7
