7
0.224 8
1.2 -.8
1.2 .2
2.2 -.8
2.2 .2
1.2 .2
2.2 1.2
3.2 .2
3.2 -.8
0.78589 1000
5.38659 -0.000000004
5.38652798770303 0.0197390222507603
5.38634195326027 0.0394773052371417
5.38603190401603 0.0592140297255292
5.38559785221052 0.0789484165438346
5.38503981497938 0.0986796866122571
5.38435781435295 0.11840706097404
5.38355187725545 0.138129760826221
5.3826220355039 0.157847007550382
5.38156832580686 0.177558022743383
5.38039078976297 0.197262028248096
5.37908947385936 0.21695824618412
5.37766442946974 0.236645898978498
5.37611571285243 0.256324209396408
5.3744433851481 0.275992400571849
5.37264751237739 0.295649696038311
5.37072816543828 0.315295319759428
5.36868542010331 0.334928496159614
5.36651935701655 0.354548450154681
5.36423006169048 0.374154407182442
5.36181762450255 0.393745593233283
5.35928214069165 0.413321234880724
5.35662371035434 0.432880559311952
5.3538424384409 0.45242279435833
5.35093843475118 0.471947168525879
5.34791181393028 0.491452911025739
5.344762695464 0.510939251804594
5.34149120367414 0.530405421575078
5.33809746771361 0.549850651846137
5.33458162156128 0.569274174953378
5.33094380401674 0.588675224089366
5.3271841586948 0.608053033333902
5.32330283401983 0.627406837684256
5.31929998321986 0.646735873085371
5.3151757643206 0.666039376460028
5.31093034013915 0.685316585738964
5.30656387827758 0.704566739890966
5.30207655111634 0.72378907895291
5.29746853580741 0.742982844059763
5.29274001426735 0.762147277474544
5.2878911731701 0.781281622618236
5.28292220393959 0.800385124099656
5.27783330274223 0.819457027745277
5.27262467047911 0.838496580628998
5.26729651277813 0.857503031101874
5.26184903998583 0.876475628821782
5.2562824671591 0.895413624783052
5.25059701405671 0.91431627134603
5.24479290513061 0.933182822266597
5.23887036951708 0.952012532725626
5.23282964102769 0.970804659358391
5.22667095814006 0.989558460283909
5.22039456398844 1.00827319513423
5.21400070635412 1.02694812508367
5.20748963765566 1.04558251287797
5.2008616149389 1.0641756228634
5.19411689986683 1.08272672101583
5.18725575870925 1.10123507496966
5.18027846233227 1.11969995404676
5.17318528618759 1.13812062928533
5.16597651030167 1.15649637346866
5.15865241926464 1.17482646115382
5.15121330221907 1.19311016870033
5.14365945284855 1.21134677429875
5.13599116936614 1.22953555799909
5.12820875450254 1.24767580173932
5.12031251549415 1.26576678937369
5.11230276407097 1.28380780670097
5.10417981644428 1.30179814149269
5.09594399329413 1.31973708352125
5.08759561975672 1.33762392458792
5.07913502541155 1.35545795855084
5.0705625442684 1.3732384813529
5.06187851475413 1.3909647910495
5.05308327969937 1.40863618783628
5.04417718632493 1.42625197407676
5.03516058622814 1.44381145432986
5.02603383536893 1.46131393537736
5.01679729405578 1.47875872625129
5.00745132693155 1.49614513826116
4.997996302959 1.51347248502121
4.9884325954063 1.53074008247745
4.97876058183224 1.5479472489347
4.96898064407135 1.56509330508349
4.95909316821884 1.58217757402689
4.94909854461532 1.59919938130721
4.93899716783142 1.61615805493264
4.92878943665219 1.6330529254038
4.91847575406139 1.64988332574011
4.90805652722554 1.66664859150619
4.89753216747788 1.68334806083807
4.8869030903021 1.69998107446927
4.87616971531599 1.71654697575691
4.8653324662548 1.73304511070757
4.85439177095457 1.74947482800313
4.84334806133522 1.76583547902648
4.83220177338349 1.78212641788713
4.82095334713575 1.79834700144671
4.8096032266606 1.81449658934436
4.79815186004136 1.830574544022
4.78659969935839 1.84658023074951
4.7749472006712 1.86251301764978
4.76319482400049 1.87837227572367
4.75134303330998 1.89415737887483
4.73939229648805 1.9098677039344
4.72734308532934 1.92550263068566
4.71519587551608 1.94106154188847
4.7029511465993 1.95654382330365
4.69060938197994 1.97194886371726
4.67817106888974 1.98727605496466
4.66563669837199 2.00252479195459
4.65300676526218 2.01769447269303
4.64028176816845 2.03278449830695
4.62746220945189 2.04779427306799
4.61454859520673 2.06272320441593
4.60154143524035 2.07757070298214
4.58844124305315 2.09233618261277
4.57524853581829 2.107019060392
4.56196383436126 2.12161875666493
4.54858766313933 2.13613469506057
4.53512055022083 2.15056630251451
4.52156302726432 2.16491300929161
4.50791562949759 2.17917424900845
4.49417889569655 2.19334945865571
4.48035336816391 2.20743807862037
4.46643959270784 2.22143955270785
4.45243811862036 2.23535332816392
4.4383494986557 2.24917885569656
4.42417428900844 2.2629155894976
4.4099130492916 2.27656298726433
4.3955663425145 2.29012051022084
4.38113473506056 2.30358762313934
4.36661879666492 2.31696379436127
4.35201910039199 2.3302484958183
4.33733622261276 2.34344120305316
4.32257074298212 2.35654139524036
4.30772324441592 2.36954855520674
4.29279431306798 2.3824621694519
4.27778453830694 2.39528172816846
4.26269451269302 2.40800672526219
4.24752483195458 2.420636658372
4.23227609496464 2.43317102888975
4.21694890371724 2.44560934197995
4.20154386330364 2.45795110659931
4.18606158188846 2.47019583551609
4.17050267068565 2.48234304532935
4.15486774393439 2.49439225648806
4.13915741887481 2.50634299330999
4.12337231572366 2.5181947840005
4.10751305764977 2.52994716067121
4.0915802707495 2.5415996593584
4.07557458402199 2.55315182004137
4.05949662934435 2.5646031866606
4.0433470414467 2.57595330713575
4.02712645788712 2.5872017333835
4.01083551902646 2.59834802133523
3.99447486800312 2.60939173095458
3.97804515070756 2.62033242625481
3.9615470157569 2.631169675316
3.94498111446926 2.64190305030211
3.92834810083806 2.65253212747788
3.91164863150618 2.66305648722554
3.8948833657401 2.67347571406139
3.87805296540378 2.6837893966522
3.86115809493263 2.69399712783142
3.8441994213072 2.70409850461533
3.82717761402688 2.71409312821885
3.81009334508348 2.72398060407136
3.79294728893468 2.73376054183224
3.77574012247743 2.7434325554063
3.7584725250212 2.75299626295901
3.74114517826115 2.76245128693156
3.72375876625127 2.77179725405579
3.70631397537735 2.78103379536893
3.68881149432985 2.79016054622815
3.67125201407675 2.79917714632494
3.65363622783627 2.80808323969938
3.63596483104949 2.81687847475414
3.61823852135289 2.8255625042684
3.60045799855083 2.83413498541156
3.5826239645879 2.84259557975673
3.56473712352123 2.85094395329413
3.54679818149268 2.85917977644428
3.52880784670095 2.86730272407098
3.51076682937367 2.87531247549415
3.49267584173931 2.88320871450254
3.47453559799907 2.89099112936615
3.45634681429873 2.89865941284856
3.43811020870032 2.90621326221907
3.4198265011538 2.91365237926464
3.40149641346864 2.92097647030168
3.38312066928532 2.9281852461876
3.36469999404674 2.93527842233227
3.34623511496964 2.94225571870926
3.32772676101581 2.94911685986684
3.30917566286339 2.95586157493891
3.29058255287795 2.96248959765567
3.27194816508365 2.96900066635413
3.25327323513421 2.97539452398844
3.23455850028389 2.98167091814007
3.21580469935837 2.9878296010277
3.19701257272561 2.99387032951709
3.17818286226658 2.99979286513061
3.15931631134601 3.00559697405671
3.14041366478303 3.0112824271591
3.12147566882176 3.01684899998583
3.10250307110185 3.02229647277814
3.08349662062898 3.02762463047912
3.06445706774526 3.03283326274223
3.04538516409964 3.03792216393959
3.02628166261822 3.0428911331701
3.00714731747452 3.04773997426736
2.98798288405974 3.05246849580742
2.96878911895289 3.05707651111634
2.94956677989095 3.06156383827759
2.93031662573894 3.06593030013915
2.91103941646001 3.07017572432061
2.89173591308535 3.07429994321986
2.87240687768423 3.07830279401983
2.85305307333388 3.08218411869481
2.83367526408934 3.08594376401674
2.81427421495336 3.08958158156128
2.79485069184611 3.09309742771361
2.77540546157505 3.09649116367414
2.75593929180457 3.099762655464
2.73645295102572 3.10291177393028
2.71694720852586 3.10593839475119
2.69742283435831 3.10884239844091
2.67788059931193 3.11162367035435
2.6583212748807 3.11428210069165
2.63874563323326 3.11681758450255
2.61915444718242 3.11923002169048
2.59954849015466 3.12151931701656
2.57992853615959 3.12368538010331
2.5602953597594 3.12572812543829
2.54064973603829 3.12764747237739
2.52099244057182 3.1294433451481
2.50132424939638 3.13111567285243
2.48164593897847 3.13266438946974
2.46195828618409 3.13408943385936
2.44226206824807 3.13539074976297
2.42255806274336 3.13656828580686
2.40284704755036 3.1376219955039
2.3831298008262 3.13855183725545
2.36340710097401 3.13935777435295
2.34367972661223 3.14003977497938
2.32394845654381 3.14059781221052
2.3042140697255 3.14103186401603
2.28447734523711 3.14134191326027
2.26473906225073 3.14152794770303
2.24499999999997 3.14158996
2.22526093774921 3.14152794770303
2.20552265476283 3.14134191326027
2.18578593027444 3.14103186401602
2.16605154345614 3.14059781221052
2.14632027338771 3.14003977497938
2.12659289902593 3.13935777435295
2.10687019917375 3.13855183725545
2.08715295244959 3.1376219955039
2.06744193725659 3.13656828580685
2.04773793175188 3.13539074976297
2.02804171381585 3.13408943385936
2.00835406102147 3.13266438946974
1.98867575060356 3.13111567285243
1.96900755942812 3.1294433451481
1.94935026396166 3.12764747237739
1.92970464024054 3.12572812543828
1.91007146384036 3.1236853801033
1.89045150984529 3.12151931701655
1.87084555281753 3.11923002169048
1.85125436676669 3.11681758450255
1.83167872511925 3.11428210069165
1.81211940068802 3.11162367035434
1.79257716564164 3.1088423984409
1.77305279147409 3.10593839475118
1.75354704897423 3.10291177393027
1.73406070819537 3.09976265546399
1.71459453842489 3.09649116367414
1.69514930815383 3.0930974277136
1.67572578504659 3.08958158156127
1.6563247359106 3.08594376401673
1.63694692666607 3.0821841186948
1.61759312231571 3.07830279401982
1.5982640869146 3.07429994321985
1.57896058353994 3.07017572432059
1.559683374261 3.06593030013914
1.540433220109 3.06156383827758
1.52121088104706 3.05707651111633
1.5020171159402 3.0524684958074
1.48285268252542 3.04773997426734
1.46371833738173 3.04289113317009
1.44461483590031 3.03792216393958
1.42554293225469 3.03283326274222
1.40650337937097 3.0276246304791
1.38749692889809 3.02229647277812
1.36852433117818 3.01684899998582
1.34958633521691 3.01128242715909
1.33068368865394 3.0055969740567
1.31181713773337 2.9997928651306
1.29298742727434 2.99387032951707
1.27419530064157 2.98782960102768
1.25544149971606 2.98167091814005
1.23672676486573 2.97539452398843
1.21805183491629 2.96900066635411
1.199417447122 2.96248959765565
1.18082433713656 2.95586157493889
1.16227323898413 2.94911685986682
1.14376488503031 2.94225571870924
1.1253000059532 2.93527842233225
1.10687933071463 2.92818524618758
1.08850358653131 2.92097647030166
1.07017349884615 2.91365237926462
1.05188979129963 2.90621326221905
1.03365318570122 2.89865941284854
1.01546440200088 2.89099112936613
0.997324158260644 2.88320871450252
0.979233170626279 2.87531247549413
0.961192153298998 2.86730272407095
0.943201818507273 2.85917977644426
0.925262876478718 2.85094395329411
0.907376035412048 2.84259557975671
0.88954200144912 2.83413498541154
0.87176147864706 2.82556250426838
0.854035168950462 2.81687847475411
0.83636377216368 2.80808323969935
0.818747985923202 2.79917714632492
0.801188505670104 2.79016054622812
0.783686024622602 2.78103379536891
0.766241233748677 2.77179725405577
0.748854821738803 2.76245128693153
0.731527474978757 2.75299626295898
0.714259877522518 2.74343255540628
0.697052711065267 2.73376054183221
0.679906654916473 2.72398060407133
0.662822385973074 2.71409312821882
0.645800578692755 2.7040985046153
0.628841905067321 2.69399712783139
0.611947034596169 2.68378939665217
0.595116634259857 2.67347571406136
0.578351368493772 2.66305648722551
0.561651899161898 2.65253212747785
0.545018885530692 2.64190305030208
0.528452984243052 2.63116967531597
0.511954849292394 2.62033242625478
0.495525131996837 2.60939173095455
0.479164480973489 2.5983480213352
0.462873542112837 2.58720173338347
0.446652958553253 2.57595330713572
0.430503370655603 2.56460318666057
0.414425415977963 2.55315182004134
0.398419729250454 2.54159965935836
0.382486942350182 2.52994716067118
0.366627684276294 2.51819478400047
0.350842581125141 2.50634299330995
0.335132256065569 2.49439225648803
0.31949732931431 2.48234304532932
0.303938418111501 2.47019583551605
0.288456136696315 2.45795110659927
0.273051096282713 2.44560934197992
0.257723905035312 2.43317102888971
0.242475168045379 2.42063665837196
0.227305487306939 2.40800672526216
0.212215461693015 2.39528172816842
0.197205686931977 2.38246216945187
0.182276755584035 2.36954855520671
0.167429257017834 2.35654139524032
0.152663777387195 2.34344120305312
0.137980899607971 2.33024849581826
0.123381203335036 2.31696379436123
0.1088652649394 2.3035876231393
0.0944336574854563 2.2901205102208
0.0800869507083557 2.27656298726429
0.0658257109915152 2.26291558949757
0.0516505013442621 2.24917885569652
0.0375618813795988 2.23535332816388
0.0235604072921198 2.22143955270781
0.00964663183604708 2.20743807862033
-0.00417889569658847 2.19334945865567
-0.017915629497633 2.17917424900841
-0.0315630272643577 2.16491300929157
-0.045120550220866 2.15056630251447
-0.0585876631393658 2.13613469506053
-0.0719638343612989 2.12161875666489
-0.0852485358183288 2.10701906039196
-0.0984412430531894 2.09233618261273
-0.111541435240389 2.07757070298209
-0.124548595206769 2.06272320441589
-0.137462209451928 2.04779427306795
-0.150281768168487 2.03278449830691
-0.163006765262218 2.01769447269299
-0.175636698372024 2.00252479195455
-0.188171068889773 1.98727605496461
-0.200609381979977 1.97194886371721
-0.212951146599335 1.95654382330361
-0.225195875516112 1.94106154188842
-0.237343085329377 1.92550263068561
-0.249392296488084 1.90986770393435
-0.26134303331001 1.89415737887478
-0.273194824000528 1.87837227572363
-0.284947200671235 1.86251301764974
-0.296599699358422 1.84658023074947
-0.308151860041394 1.83057454402196
-0.319603226660628 1.81449658934432
-0.330953347135778 1.79834700144667
-0.342201773383521 1.78212641788708
-0.353348061335251 1.76583547902643
-0.364391770954603 1.74947482800308
-0.375332466254832 1.73304511070753
-0.386169715316021 1.71654697575687
-0.396903090302134 1.69998107446923
-0.407532167477905 1.68334806083802
-0.418056527225565 1.66664859150615
-0.428475754061415 1.64988332574006
-0.438789436652217 1.63305292540375
-0.448997167831444 1.6161580549326
-0.459098544615347 1.59919938130716
-0.469093168218867 1.58217757402684
-0.478980644071378 1.56509330508344
-0.488760581832262 1.54794724893465
-0.498432595406324 1.5307400824774
-0.507996302959028 1.51347248502116
-0.517451326931576 1.49614513826111
-0.526797294055811 1.47875872625124
-0.536033835368954 1.46131393537731
-0.545160586228169 1.44381145432981
-0.55417718632496 1.42625197407671
-0.563083279699394 1.40863618783623
-0.571878514754154 1.39096479104945
-0.580562544268421 1.37323848135285
-0.589135025411577 1.35545795855079
-0.597595619756746 1.33762392458786
-0.605943993294152 1.31973708352119
-0.614179816444299 1.30179814149264
-0.622302764070994 1.28380780670091
-0.630312515494172 1.26576678937363
-0.638208754502561 1.24767580173927
-0.645991169366167 1.22953555799903
-0.653659452848577 1.21134677429869
-0.661213302219087 1.19311016870028
-0.668652419264661 1.17482646115376
-0.675976510301693 1.1564963734686
-0.683185286187612 1.13812062928528
-0.690278462332289 1.11969995404671
-0.697255758709274 1.1012350749696
-0.704116899866855 1.08272672101577
-0.710861614938926 1.06417562286335
-0.717489637655684 1.04558251287791
-0.724000706354142 1.02694812508361
-0.730394563988458 1.00827319513417
-0.736670958140079 0.989558460283851
-0.74282964102771 0.970804659358333
-0.748870369517098 0.952012532725568
-0.754792905130624 0.933182822266538
-0.760597014056724 0.914316271345972
-0.766282467159115 0.895413624782993
-0.771849039985845 0.876475628821723
-0.777296512778148 0.857503031101814
-0.782624670479128 0.838496580628939
-0.787833302742241 0.819457027745217
-0.792922203939604 0.800385124099596
-0.797891173170111 0.781281622618175
-0.802740014267366 0.762147277474483
-0.807468535807425 0.742982844059702
-0.812076551116353 0.723789078952849
-0.816563878277597 0.704566739890905
-0.820930340139163 0.685316585738902
-0.825175764320614 0.666039376459965
-0.829299983219873 0.646735873085309
-0.833302834019839 0.627406837684193
-0.837184158694816 0.608053033333839
-0.840943804016753 0.588675224089303
-0.844581621561289 0.569274174953315
-0.848097467713617 0.549850651846074
-0.851491203674152 0.530405421575014
-0.854762695464007 0.51093925180453
-0.857911813930289 0.491452911025674
-0.860938434751193 0.471947168525814
-0.863842438440911 0.452422794358265
-0.866623710354351 0.432880559311887
-0.86928214069166 0.413321234880658
-0.871817624502558 0.393745593233217
-0.874230061690489 0.374154407182376
-0.876519357016561 0.354548450154615
-0.878685420103315 0.334928496159548
-0.880728165438289 0.315295319759362
-0.882647512377396 0.295649696038245
-0.884443385148105 0.275992400571782
-0.886115712852433 0.256324209396341
-0.887664429469747 0.236645898978431
-0.889089473859366 0.216958246184053
-0.890390789762978 0.197262028248028
-0.891568325806858 0.177558022743316
-0.892622035503902 0.157847007550314
-0.893551877255453 0.138129760826153
-0.894357814352951 0.118407060973971
-0.895039814979381 0.0986796866121886
-0.895597852210524 0.0789484165437659
-0.896031904016027 0.0592140297254603
-0.896341953260268 0.0394773052370727
-0.896527987703032 0.0197390222506911
-0.89659 -.00000000400000693725899
-0.896527987703031 -0.0197391022508299
-0.896341953260266 -0.0394773852372114
-0.896031904016025 -0.059214109725599
-0.89559785221052 -0.0789484965439046
-0.895039814979376 -0.0986797666123272
-0.894357814352946 -0.11840714097411
-0.893551877255446 -0.138129840826292
-0.892622035503895 -0.157847087550453
-0.891568325806851 -0.177558102743454
-0.890390789762969 -0.197262108248166
-0.889089473859356 -0.216958326184191
-0.887664429469737 -0.236645978978569
-0.886115712852422 -0.256324289396479
-0.884443385148093 -0.275992480571921
-0.882647512377383 -0.295649776038383
-0.880728165438275 -0.3152953997595
-0.8786854201033 -0.334928576159686
-0.876519357016545 -0.354548530154753
-0.874230061690472 -0.374154487182514
-0.871817624502541 -0.393745673233355
-0.869282140691641 -0.413321314880796
-0.866623710354332 -0.432880639312024
-0.863842438440892 -0.452422874358402
-0.860938434751172 -0.471947248525952
-0.857911813930267 -0.491452991025811
-0.854762695463984 -0.510939331804667
-0.851491203674128 -0.53040550157515
-0.848097467713593 -0.54985073184621
-0.844581621561264 -0.569274254953451
-0.840943804016727 -0.58867530408944
-0.837184158694789 -0.608053113333975
-0.833302834019811 -0.627406917684329
-0.829299983219844 -0.646735953085445
-0.825175764320585 -0.666039456460101
-0.820930340139133 -0.685316665739037
-0.816563878277566 -0.70456681989104
-0.812076551116321 -0.723789158952984
-0.807468535807392 -0.742982924059837
-0.802740014267333 -0.762147357474618
-0.797891173170077 -0.78128170261831
-0.792922203939569 -0.80038520409973
-0.787833302742205 -0.819457107745351
-0.782624670479091 -0.838496660629072
-0.77729651277811 -0.857503111101947
-0.771849039985806 -0.876475708821856
-0.766282467159076 -0.895413704783126
-0.760597014056684 -0.914316351346104
-0.754792905130583 -0.933182902266671
-0.748870369517056 -0.9520126127257
-0.742829641027667 -0.970804739358465
-0.736670958140035 -0.989558540283983
-0.730394563988414 -1.00827327513431
-0.724000706354097 -1.02694820508374
-0.717489637655638 -1.04558259287804
-0.710861614938878 -1.06417570286348
-0.704116899866807 -1.08272680101591
-0.697255758709226 -1.10123515496973
-0.690278462332239 -1.11970003404684
-0.683185286187562 -1.13812070928541
-0.675976510301642 -1.15649645346873
-0.668652419264609 -1.17482654115389
-0.661213302219034 -1.19311024870041
-0.653659452848523 -1.21134685429882
-0.645991169366113 -1.22953563799916
-0.638208754502506 -1.24767588173939
-0.630312515494116 -1.26576686937376
-0.622302764070937 -1.28380788670104
-0.614179816444242 -1.30179822149276
-0.605943993294094 -1.31973716352132
-0.597595619756688 -1.33762400458799
-0.589135025411517 -1.35545803855092
-0.58056254426836 -1.37323856135298
-0.571878514754093 -1.39096487104958
-0.563083279699332 -1.40863626783636
-0.554177186324897 -1.42625205407684
-0.545160586228105 -1.44381153432993
-0.536033835368889 -1.46131401537744
-0.526797294055746 -1.47875880625136
-0.51745132693151 -1.49614521826123
-0.507996302958961 -1.51347256502128
-0.498432595406257 -1.53074016247752
-0.488760581832194 -1.54794732893477
-0.478980644071309 -1.56509338508356
-0.469093168218797 -1.58217765402696
-0.459098544615276 -1.59919946130728
-0.448997167831373 -1.61615813493271
-0.438789436652145 -1.63305300540387
-0.428475754061342 -1.64988340574018
-0.418056527225492 -1.66664867150626
-0.40753216747783 -1.68334814083814
-0.396903090302059 -1.69998115446934
-0.386169715315945 -1.71654705575698
-0.375332466254755 -1.73304519070764
-0.364391770954525 -1.7494749080032
-0.353348061335172 -1.76583555902655
-0.342201773383443 -1.7821264978872
-0.330953347135698 -1.79834708144678
-0.319603226660548 -1.81449666934443
-0.308151860041313 -1.83057462402207
-0.29659969935834 -1.84658031074958
-0.284947200671152 -1.86251309764985
-0.273194824000445 -1.87837235572374
-0.261343033309927 -1.89415745887489
-0.249392296488 -1.90986778393446
-0.237343085329292 -1.92550271068572
-0.225195875516027 -1.94106162188853
-0.212951146599249 -1.95654390330372
-0.20060938197989 -1.97194894371732
-0.188171068889685 -1.98727613496472
-0.175636698371936 -2.00252487195465
-0.163006765262129 -2.01769455269309
-0.150281768168397 -2.03278457830702
-0.137462209451838 -2.04779435306805
-0.124548595206678 -2.062723284416
-0.111541435240297 -2.0775707829822
-0.098441243053097 -2.09233626261284
-0.085248535818236 -2.10701914039206
-0.0719638343612052 -2.12161883666499
-0.0585876631392717 -2.13613477506063
-0.0451205502207706 -2.15056638251457
-0.0315630272642622 -2.16491308929168
-0.0179156294975371 -2.17917432900851
-0.00417889569649166 -2.19334953865577
0.00964663183614478 -2.20743815862043
0.023560407292218 -2.22143963270791
0.0375618813796978 -2.23535340816398
0.0516505013443611 -2.24917893569662
0.0658257109916156 -2.26291566949766
0.0800869507084561 -2.27656306726439
0.0944336574855575 -2.29012059022089
0.108865264939502 -2.30358770313939
0.123381203335139 -2.31696387436133
0.137980899608074 -2.33024857581836
0.152663777387298 -2.34344128305322
0.167429257017937 -2.35654147524042
0.182276755584139 -2.3695486352068
0.197205686932081 -2.38246224945195
0.212215461693118 -2.39528180816851
0.227305487307042 -2.40800680526224
0.242475168045481 -2.42063673837205
0.257723905035414 -2.43317110888979
0.273051096282814 -2.44560942198
0.288456136696416 -2.45795118659936
0.303938418111601 -2.47019591551613
0.31949732931441 -2.4823431253294
0.335132256065668 -2.4943923364881
0.35084258112524 -2.50634307331003
0.366627684276391 -2.51819486400054
0.382486942350279 -2.52994724067125
0.39841972925055 -2.54159973935844
0.414425415978058 -2.55315190004141
0.430503370655698 -2.56460326666064
0.446652958553348 -2.57595338713579
0.462873542112931 -2.58720181338353
0.479164480973582 -2.59834810133526
0.49552513199693 -2.60939181095461
0.511954849292485 -2.62033250625484
0.528452984243142 -2.63116975531603
0.545018885530782 -2.64190313030214
0.561651899161987 -2.65253220747791
0.578351368493859 -2.66305656722557
0.595116634259945 -2.67347579406142
0.611947034596256 -2.68378947665222
0.628841905067407 -2.69399720783145
0.64580057869284 -2.70409858461535
0.662822385973158 -2.71409320821887
0.679906654916556 -2.72398068407138
0.697052711065349 -2.73376062183226
0.714259877522598 -2.74343263540632
0.731527474978837 -2.75299634295903
0.748854821738882 -2.76245136693157
0.766241233748755 -2.77179733405581
0.783686024622679 -2.78103387536895
0.80118850567018 -2.79016062622816
0.818747985923277 -2.79917722632495
0.836363772163754 -2.80808331969939
0.854035168950535 -2.81687855475415
0.871761478647132 -2.82556258426841
0.889542001449192 -2.83413506541157
0.907376035412118 -2.84259565975674
0.925262876478787 -2.85094403329414
0.943201818507341 -2.85917985644429
0.961192153299065 -2.86730280407098
0.979233170626345 -2.87531255549416
0.997324158260709 -2.88320879450255
1.01546440200094 -2.89099120936616
1.03365318570128 -2.89865949284857
1.05188979129969 -2.90621334221908
1.07017349884621 -2.91365245926465
1.08850358653137 -2.92097655030168
1.10687933071469 -2.9281853261876
1.12530000595326 -2.93527850233228
1.14376488503036 -2.94225579870926
1.16227323898419 -2.94911693986684
1.18082433713661 -2.95586165493891
1.19941744712205 -2.96248967765567
1.21805183491635 -2.96900074635413
1.23672676486578 -2.97539460398844
1.2554414997161 -2.98167099814006
1.27419530064162 -2.9878296810277
1.29298742727439 -2.99387040951708
1.31181713773341 -2.99979294513061
1.33068368865398 -3.00559705405671
1.34958633521696 -3.0112825071591
1.36852433117822 -3.01684907998583
1.38749692889813 -3.02229655277813
1.40650337937101 -3.02762471047911
1.42554293225473 -3.03283334274223
1.44461483590035 -3.03792224393959
1.46371833738177 -3.0428912131701
1.48285268252546 -3.04774005426735
1.50201711594024 -3.05246857580741
1.52121088104709 -3.05707659111634
1.54043322010903 -3.06156391827758
1.55968337426103 -3.06593038013915
1.57896058353997 -3.0701758043206
1.59826408691462 -3.07430002321986
1.61759312231574 -3.07830287401982
1.63694692666609 -3.0821841986948
1.65632473591062 -3.08594384401674
1.67572578504661 -3.08958166156128
1.69514930815385 -3.0930975077136
1.71459453842491 -3.09649124367414
1.73406070819539 -3.09976273546399
1.75354704897424 -3.10291185393028
1.7730527914741 -3.10593847475118
1.79257716564165 -3.1088424784409
1.81211940068803 -3.11162375035434
1.83167872511925 -3.11428218069165
1.85125436676669 -3.11681766450255
1.87084555281753 -3.11923010169048
1.89045150984529 -3.12151939701655
1.91007146384036 -3.1236854601033
1.92970464024054 -3.12572820543828
1.94935026396166 -3.12764755237739
1.96900755942812 -3.1294434251481
1.98867575060356 -3.13111575285243
2.00835406102147 -3.13266446946974
2.02804171381585 -3.13408951385936
2.04773793175187 -3.13539082976297
2.06744193725658 -3.13656836580685
2.08715295244958 -3.1376220755039
2.10687019917374 -3.13855191725545
2.12659289902592 -3.13935785435295
2.1463202733877 -3.14003985497938
2.16605154345612 -3.14059789221052
2.18578593027443 -3.14103194401602
2.20552265476281 -3.14134199326027
2.22526093774919 -3.14152802770303
2.24499999999995 -3.14159004
2.26473906225071 -3.14152802770303
2.28447734523709 -3.14134199326027
2.30421406972548 -3.14103194401603
2.32394845654378 -3.14059789221052
2.3436797266122 -3.14003985497938
2.36340710097398 -3.13935785435295
2.38312980082616 -3.13855191725545
2.40284704755032 -3.1376220755039
2.42255806274332 -3.13656836580686
2.44226206824804 -3.13539082976298
2.46195828618406 -3.13408951385937
2.48164593897844 -3.13266446946975
2.50132424939634 -3.13111575285243
2.52099244057178 -3.1294434251481
2.54064973603825 -3.1276475523774
2.56029535975936 -3.12572820543829
2.57992853615955 -3.12368546010332
2.59954849015461 -3.12151939701656
2.61915444718237 -3.11923010169049
2.63874563323321 -3.11681766450256
2.65832127488065 -3.11428218069166
2.67788059931188 -3.11162375035435
2.69742283435825 -3.10884247844091
2.7169472085258 -3.10593847475119
2.73645295102566 -3.10291185393029
2.75593929180452 -3.09976273546401
2.775405461575 -3.09649124367415
2.79485069184606 -3.09309750771362
2.8142742149533 -3.08958166156129
2.83367526408928 -3.08594384401676
2.85305307333382 -3.08218419869482
2.87240687768417 -3.07830287401984
2.89173591308528 -3.07430002321988
2.91103941645994 -3.07017580432062
2.93031662573888 -3.06593038013917
2.94956677989088 -3.0615639182776
2.96878911895282 -3.05707659111636
2.98798288405967 -3.05246857580743
3.00714731747445 -3.04774005426737
3.02628166261814 -3.04289121317012
3.04538516409956 -3.03792224393961
3.06445706774518 -3.03283334274225
3.0834966206289 -3.02762471047914
3.10250307110178 -3.02229655277816
3.12147566882168 -3.01684907998586
3.14041366478295 -3.01128250715913
3.15931631134593 -3.00559705405674
3.1781828622665 -2.99979294513064
3.19701257272552 -2.99387040951711
3.21580469935829 -2.98782968102773
3.2345585002838 -2.98167099814009
3.25327323513413 -2.97539460398847
3.27194816508356 -2.96900074635416
3.29058255287786 -2.9624896776557
3.3091756628633 -2.95586165493894
3.32772676101572 -2.94911693986687
3.34623511496955 -2.9422557987093
3.36469999404665 -2.93527850233231
3.38312066928522 -2.92818532618763
3.40149641346854 -2.92097655030172
3.4198265011537 -2.91365245926468
3.43811020870022 -2.90621334221911
3.45634681429863 -2.8986594928486
3.47453559799897 -2.89099120936619
3.4926758417392 -2.88320879450259
3.51076682937357 -2.8753125554942
3.52880784670085 -2.86730280407102
3.54679818149257 -2.85917985644433
3.56473712352113 -2.85094403329418
3.5826239645878 -2.84259565975678
3.60045799855072 -2.83413506541161
3.61823852135278 -2.82556258426846
3.63596483104938 -2.81687855475419
3.65363622783616 -2.80808331969943
3.67125201407664 -2.799177226325
3.68881149432973 -2.79016062622821
3.70631397537724 -2.78103387536899
3.72375876625116 -2.77179733405585
3.74114517826103 -2.76245136693162
3.75847252502108 -2.75299634295907
3.77574012247732 -2.74343263540637
3.79294728893457 -2.73376062183231
3.81009334508336 -2.72398068407142
3.82717761402676 -2.71409320821892
3.84419942130708 -2.7040985846154
3.86115809493251 -2.6939972078315
3.87805296540366 -2.68378947665227
3.89488336573997 -2.67347579406147
3.91164863150606 -2.66305656722562
3.92834810083793 -2.65253220747796
3.94498111446914 -2.64190313030219
3.96154701575678 -2.63116975531608
3.97804515070743 -2.62033250625489
3.99447486800299 -2.60939181095466
4.01083551902634 -2.59834810133531
4.02712645788699 -2.58720181338359
4.04334704144657 -2.57595338713584
4.05949662934422 -2.5646032666607
4.07557458402186 -2.55315190004146
4.09158027074937 -2.54159973935849
4.10751305764964 -2.52994724067131
4.12337231572353 -2.5181948640006
4.13915741887468 -2.50634307331008
4.15486774393426 -2.49439233648816
4.17050267068552 -2.48234312532945
4.18606158188832 -2.47019591551619
4.20154386330351 -2.45795118659942
4.21694890371711 -2.44560942198006
4.23227609496451 -2.43317110888986
4.24752483195445 -2.42063673837211
4.26269451269288 -2.4080068052623
4.27778453830681 -2.39528180816857
4.29279431306785 -2.38246224945202
4.30772324441579 -2.36954863520686
4.32257074298199 -2.35654147524048
4.33733622261263 -2.34344128305328
4.35201910039185 -2.33024857581842
4.36661879666479 -2.3169638743614
4.38113473506042 -2.30358770313946
4.39556634251437 -2.29012059022097
4.40991304929147 -2.27656306726446
4.42417428900831 -2.26291566949774
4.43834949865556 -2.24917893569669
4.45243811862022 -2.23535340816406
4.4664395927077 -2.22143963270799
4.48035336816378 -2.20743815862051
4.49417889569641 -2.19334953865585
4.50791562949746 -2.1791743290086
4.52156302726418 -2.16491308929176
4.53512055022069 -2.15056638251466
4.54858766313919 -2.13613477506072
4.56196383436112 -2.12161883666508
4.57524853581815 -2.10701914039215
4.58844124305301 -2.09233626261293
4.60154143524021 -2.07757078298229
4.6145485952066 -2.06272328441609
4.62746220945176 -2.04779435306815
4.64028176816831 -2.03278457830712
4.65300676526205 -2.01769455269319
4.66563669837185 -2.00252487195476
4.6781710688896 -1.98727613496482
4.69060938197981 -1.97194894371742
4.70295114659916 -1.95654390330382
4.71519587551594 -1.94106162188864
4.72734308532921 -1.92550271068583
4.73939229648791 -1.90986778393458
4.75134303330984 -1.89415745887501
4.76319482400036 -1.87837235572385
4.77494720067107 -1.86251309764997
4.78659969935825 -1.8465803107497
4.79815186004123 -1.83057462402219
4.80960322666046 -1.81449666934455
4.82095334713561 -1.7983470814469
4.83220177338336 -1.78212649788732
4.84334806133509 -1.76583555902667
4.85439177095444 -1.74947490800333
4.86533246625467 -1.73304519070777
4.87616971531586 -1.71654705575712
4.88690309030197 -1.69998115446948
4.89753216747774 -1.68334814083827
4.90805652722541 -1.6666486715064
4.91847575406126 -1.64988340574032
4.92878943665206 -1.63305300540401
4.93899716783129 -1.61615813493286
4.94909854461519 -1.59919946130742
4.95909316821871 -1.58217765402711
4.96898064407123 -1.56509338508371
4.97876058183211 -1.54794732893492
4.98843259540617 -1.53074016247767
4.99799630295888 -1.51347256502143
5.00745132693143 -1.49614521826139
5.01679729405566 -1.47875880625152
5.02603383536881 -1.46131401537759
5.03516058622802 -1.44381153433009
5.04417718632481 -1.426252054077
5.05308327969925 -1.40863626783652
5.06187851475401 -1.39096487104974
5.07056254426828 -1.37323856135314
5.07913502541144 -1.35545803855109
5.08759561975661 -1.33762400458816
5.09594399329401 -1.31973716352149
5.10417981644416 -1.30179822149294
5.11230276407086 -1.28380788670122
5.12031251549404 -1.26576686937394
5.12820875450243 -1.24767588173957
5.13599116936604 -1.22953563799934
5.14365945284845 -1.211346854299
5.15121330221896 -1.19311024870059
5.15865241926453 -1.17482654115408
5.16597651030157 -1.15649645346892
5.17318528618749 -1.1381207092856
5.18027846233217 -1.11970003404703
5.18725575870915 -1.10123515496992
5.19411689986674 -1.0827268010161
5.20086161493881 -1.06417570286368
5.20748963765557 -1.04558259287824
5.21400070635403 -1.02694820508394
5.22039456398834 -1.00827327513451
5.22667095813997 -0.989558540284187
5.2328296410276 -0.97080473935867
5.23887036951699 -0.952012612725907
5.24479290513052 -0.93318290226688
5.25059701405662 -0.914316351346315
5.25628246715901 -0.895413704783339
5.26184903998574 -0.87647570882207
5.26729651277805 -0.857503111102163
5.27262467047903 -0.83849666062929
5.27783330274215 -0.81945710774557
5.28292220393951 -0.800385204099951
5.28789117317002 -0.781281702618532
5.29274001426728 -0.762147357474842
5.29746853580734 -0.742982924060063
5.30207655111627 -0.723789158953212
5.30656387827751 -0.704566819891269
5.31093034013908 -0.685316665739269
5.31517576432053 -0.666039456460334
5.3192999832198 -0.646735953085679
5.32330283401976 -0.627406917684565
5.32718415869474 -0.608053113334213
5.33094380401668 -0.588675304089679
5.33458162156122 -0.569274254953693
5.33809746771355 -0.549850731846453
5.34149120367409 -0.530405501575395
5.34476269546394 -0.510939331804913
5.34791181393023 -0.491452991026059
5.35093843475113 -0.471947248526201
5.35384243844086 -0.452422874358653
5.3566237103543 -0.432880639312277
5.35928214069161 -0.41332131488105
5.36181762450251 -0.393745673233611
5.36423006169044 -0.374154487182771
5.36651935701652 -0.354548530155012
5.36868542010327 -0.334928576159946
5.37072816543825 -0.315295399759762
5.37264751237736 -0.295649776038647
5.37444338514807 -0.275992480572186
5.3761157128524 -0.256324289396746
5.37766442946972 -0.236645978978838
5.37908947385934 -0.216958326184461
5.38039078976295 -0.197262108248438
5.38156832580684 -0.177558102743727
5.38262203550388 -0.157847087550727
5.38355187725544 -0.138129840826567
5.38435781435294 -0.118407140974387
5.38503981497937 -0.0986797666126059
5.38559785221051 -0.0789484965441847
5.38603190401602 -0.0592141097258806
5.38634195326026 -0.0394773852374944
5.38652798770303 -0.0197391022511142
0.567 6
0 0
2 2
6 -2
8 0
6 2
2 -2
0.0001 12
2 0
1 1
-1 -1
-2 0
-1 1
1 -1
0 -2
-1 -1
1 1
0 2
-1 -1
1 -1
0.0001 8
2 0
1 1
-1 -1
-2 0
-1 1
2 -2
1 -3
0 -2
0.0003 8
2 0
1 1
-1 -1
-2 0
-1 1
2 -2
0 -3
-1 -1
0.024 5
0 0
1 1
2 0
2 -.5
1 .5