33
3 2
1 2
2 3
3 3
1 2
2 3
1 3
10 16
1 2
2 9
9 3
3 7
7 6
6 5
5 7
5 4
4 8
1 8
8 9
9 10
10 7
7 8
7 9
8 10
6 0
0 0
8 12
1 3
1 5
1 7
3 5
3 7
5 7
2 4
2 6
2 8
4 6
4 8
6 8
20 30
2 3
2 4
2 5
3 4
3 5
4 5
6 7
6 8
6 9
7 8
7 9
8 9
10 11
10 12
10 13
11 12
11 13
12 13
14 15
14 16
14 17
15 16
15 17
16 17
18 19
18 20
18 1
19 20
19 1
20 1
249 249
37 81
81 205
205 37
229 9
9 228
228 229
111 156
156 193
193 111
237 209
209 155
155 237
74 145
145 129
129 74
107 207
207 152
152 107
201 230
230 112
112 201
25 35
35 121
121 25
47 172
172 6
6 47
245 87
87 200
200 245
143 206
206 49
49 143
149 56
56 52
52 149
38 99
99 115
115 38
195 142
142 53
53 195
187 154
154 248
248 187
127 3
3 88
88 127
103 138
138 136
136 103
160 118
118 16
16 160
55 223
223 77
77 55
5 221
221 180
180 5
177 110
110 240
240 177
144 174
174 213
213 144
162 202
202 215
215 162
66 179
179 72
72 66
125 44
44 75
75 125
92 153
153 34
34 92
232 168
168 233
233 232
114 208
208 50
50 114
165 231
231 147
147 165
224 14
14 106
106 224
101 93
93 60
60 101
199 11
11 181
181 199
20 51
51 131
131 20
13 227
227 43
43 13
157 171
171 236
236 157
246 79
79 191
191 246
40 226
226 141
141 40
19 135
135 239
239 19
222 130
130 21
21 222
122 244
244 59
59 122
151 158
158 238
238 151
140 73
73 94
94 140
104 46
46 225
225 104
211 217
217 70
70 211
113 214
214 175
175 113
97 133
133 148
148 97
146 241
241 7
7 146
28 27
27 65
65 28
82 62
62 137
137 82
2 167
167 31
31 2
242 216
216 58
58 242
235 119
119 197
197 235
26 1
1 186
186 26
84 86
86 30
30 84
105 17
17 33
33 105
173 192
192 41
41 173
78 109
109 184
184 78
185 161
161 80
80 185
100 69
69 10
10 100
220 219
219 163
163 220
166 61
61 71
71 166
76 39
39 54
54 76
15 24
24 159
159 15
68 48
48 123
123 68
95 234
234 169
169 95
210 243
243 96
96 210
150 196
196 183
183 150
218 117
117 45
45 218
194 98
98 126
126 194
134 4
4 102
102 134
116 63
63 91
91 116
190 64
64 128
128 190
189 188
188 178
178 189
85 12
12 36
36 85
120 90
90 23
23 120
247 132
132 212
212 247
83 182
182 29
29 83
170 204
204 164
164 170
8 124
124 22
22 8
18 203
203 89
89 18
32 139
139 176
176 32
67 249
249 198
198 67
108 57
57 42
42 108
248 372
197 170
170 237
237 197
197 149
170 149
237 149
204 137
137 139
139 204
204 22
137 22
139 22
44 138
138 136
136 44
44 36
138 36
136 36
190 33
33 228
228 190
190 91
33 91
228 91
195 39
39 94
94 195
195 219
39 219
94 219
18 37
37 212
212 18
18 243
37 243
212 243
78 202
202 72
72 78
78 47
202 47
72 47
198 54
54 160
160 198
198 102
54 102
160 102
53 2
2 194
194 53
53 77
2 77
194 77
234 29
29 21
21 234
234 166
29 166
21 166
57 155
155 96
96 57
57 236
155 236
96 236
193 69
69 6
6 193
193 153
69 153
6 153
196 175
175 4
4 196
196 100
175 100
4 100
27 161
161 174
174 27
27 191
161 191
174 191
104 158
158 116
116 104
104 183
158 183
116 183
172 70
70 145
145 172
172 173
70 173
145 173
60 215
215 98
98 60
60 177
215 177
98 177
185 238
238 164
164 185
185 210
238 210
164 210
203 55
55 245
245 203
203 79
55 79
245 79
32 134
134 141
141 32
32 99
134 99
141 99
135 65
65 240
240 135
135 117
65 117
240 117
213 25
25 85
85 213
213 179
25 179
85 179
95 7
7 49
49 95
95 233
7 233
49 233
93 186
186 130
130 93
93 151
186 151
130 151
152 176
176 206
206 152
152 159
176 159
206 159
111 132
132 59
59 111
111 75
132 75
59 75
128 142
142 217
217 128
128 224
142 224
217 224
50 30
30 48
48 50
50 83
30 83
48 83
120 154
154 162
162 120
120 112
154 112
162 112
62 35
35 119
119 62
62 248
35 248
119 248
34 63
63 84
84 34
34 106
63 106
84 106
218 61
61 109
109 218
218 222
61 222
109 222
235 124
124 148
148 235
235 144
124 144
148 144
199 23
23 189
189 199
199 229
23 229
189 229
241 58
58 157
157 241
241 51
58 51
157 51
64 118
118 207
207 64
64 11
118 11
207 11
221 28
28 225
225 221
221 1
28 1
225 1
97 208
208 115
115 97
97 125
208 125
115 125
182 165
165 156
156 182
182 121
165 121
156 121
67 89
89 16
16 67
67 184
89 184
16 184
108 56
56 113
113 108
108 87
56 87
113 87
188 19
19 169
169 188
188 143
19 143
169 143
3 200
200 81
81 3
3 180
200 180
81 180
127 192
192 24
24 127
127 146
192 146
24 146
10 147
147 12
12 10
10 13
147 13
12 13
17 66
66 5
5 17
17 8
66 8
5 8
88 15
15 126
126 88
88 209
15 209
126 209
131 247
247 52
52 131
131 40
247 40
52 40
105 41
41 211
211 105
105 9
41 9
211 9
242 107
107 216
216 242
242 45
107 45
216 45
187 230
230 168
168 187
187 110
230 110
168 110
232 227
227 133
133 232
232 42
227 42
133 42
178 71
71 86
86 178
178 214
71 214
86 214
122 82
82 31
31 122
122 171
82 171
31 171
92 205
205 163
163 92
92 167
205 167
163 167
26 123
123 103
103 26
26 74
123 74
103 74
90 73
73 80
80 90
90 226
73 226
80 226
246 46
46 114
114 246
246 150
46 150
114 150
129 244
244 239
239 129
129 223
244 223
239 223
68 38
38 201
201 68
68 101
38 101
201 101
140 181
181 43
43 140
140 231
181 231
43 231
20 76
76 220
220 20
20 14
76 14
220 14
250 250
67 132
132 180
67 180
139 180
97 139
58 139
144 132
169 132
187 180
204 169
238 58
210 169
62 67
212 169
134 169
236 58
145 169
37 62
184 139
92 144
20 62
168 20
84 58
117 58
91 187
161 91
233 132
66 236
54 212
82 117
170 169
42 91
49 66
159 139
162 180
249 49
221 238
47 233
90 132
95 47
183 233
215 238
34 37
88 67
103 212
56 134
174 117
244 184
28 249
114 174
156 84
11 84
154 90
39 34
237 39
119 249
2 144
27 11
5 27
7 221
217 66
75 237
155 168
122 39
51 95
206 155
189 20
157 155
15 117
222 27
120 215
177 144
45 189
107 233
197 51
214 237
78 66
243 222
123 20
160 97
240 114
127 91
89 144
31 2
146 103
121 159
30 49
14 197
165 233
205 92
179 210
126 161
29 170
12 107
226 157
116 238
175 11
193 31
181 56
113 206
147 233
74 162
43 184
131 160
87 144
32 238
59 29
94 103
71 180
136 226
93 217
241 93
10 94
77 117
209 179
24 113
104 209
148 62
109 189
65 233
48 210
138 93
153 155
192 71
248 119
130 116
25 120
85 193
203 104
223 42
182 203
99 238
224 206
21 179
111 87
202 139
137 174
140 154
225 116
118 215
19 15
232 56
1 84
17 189
4 121
250 238
201 31
80 250
69 223
129 94
227 80
208 184
164 169
124 15
76 12
141 15
198 107
22 124
231 153
190 183
18 49
142 132
108 131
216 25
3 126
55 231
242 132
52 249
60 233
83 141
64 242
152 58
102 193
35 78
199 227
50 138
219 51
81 145
211 10
173 168
41 236
150 202
23 116
172 177
115 60
166 210
143 160
207 204
86 103
110 207
149 152
186 69
6 111
112 197
38 189
26 94
229 240
135 205
151 227
98 90
178 87
79 190
194 242
101 66
133 231
40 48
46 4
70 120
128 232
195 37
246 201
171 90
68 76
57 5
235 29
200 127
53 131
105 192
33 112
191 62
220 162
196 122
185 126
230 118
9 59
8 199
247 67
125 231
176 124
100 230
167 236
158 243
213 204
16 247
163 128
96 247
239 191
72 96
73 207
44 47
61 207
106 239
218 96
36 44
63 218
245 38
234 230
13 49
228 159
188 135
250 250
1 2
2 3
3 4
4 5
5 6
6 7
7 8
8 9
9 10
10 11
11 12
12 13
13 14
14 15
15 16
16 17
17 18
18 19
19 20
20 21
21 22
22 23
23 24
24 25
25 26
26 27
27 28
28 29
29 30
30 31
31 32
32 33
33 34
34 35
35 36
36 37
37 38
38 39
39 40
40 41
41 42
42 43
43 44
44 45
45 46
46 47
47 48
48 49
49 50
50 51
51 52
52 53
53 54
54 55
55 56
56 57
57 58
58 59
59 60
60 61
61 62
62 63
63 64
64 65
65 66
66 67
67 68
68 69
69 70
70 71
71 72
72 73
73 74
74 75
75 76
76 77
77 78
78 79
79 80
80 81
81 82
82 83
83 84
84 85
85 86
86 87
87 88
88 89
89 90
90 91
91 92
92 93
93 94
94 95
95 96
96 97
97 98
98 99
99 100
100 101
101 102
102 103
103 104
104 105
105 106
106 107
107 108
108 109
109 110
110 111
111 112
112 113
113 114
114 115
115 116
116 117
117 118
118 119
119 120
120 121
121 122
122 123
123 124
124 125
125 126
126 127
127 128
128 129
129 130
130 131
131 132
132 133
133 134
134 135
135 136
136 137
137 138
138 139
139 140
140 141
141 142
142 143
143 144
144 145
145 146
146 147
147 148
148 149
149 150
150 151
151 152
152 153
153 154
154 155
155 156
156 157
157 158
158 159
159 160
160 161
161 162
162 163
163 164
164 165
165 166
166 167
167 168
168 169
169 170
170 171
171 172
172 173
173 174
174 175
175 176
176 177
177 178
178 179
179 180
180 181
181 182
182 183
183 184
184 185
185 186
186 187
187 188
188 189
189 190
190 191
191 192
192 193
193 194
194 195
195 196
196 197
197 198
198 199
199 200
200 201
201 202
202 203
203 204
204 205
205 206
206 207
207 208
208 209
209 210
210 211
211 212
212 213
213 214
214 215
215 216
216 217
217 218
218 219
219 220
220 221
221 222
222 223
223 224
224 225
225 226
226 227
227 228
228 229
229 230
230 231
231 232
232 233
233 234
234 235
235 236
236 237
237 238
238 239
239 240
240 241
241 242
242 243
243 244
244 245
245 246
246 247
247 248
248 249
249 250
1 250
1 0
2 1
1 2
3 3
1 2
2 3
3 1
5 6
1 2
2 3
3 1
1 4
4 5
5 1
11 15
1 2
2 3
3 1
1 4
4 5
5 1
1 6
6 7
7 1
1 8
8 9
9 1
1 10
10 11
11 1
21 30
1 2
2 3
3 1
1 4
4 5
5 1
1 6
6 7
7 1
1 8
8 9
9 1
1 10
10 11
11 1
1 12
12 13
13 1
1 14
14 15
15 1
1 16
16 17
17 1
1 18
18 19
19 1
1 20
20 21
21 1
101 150
1 2
2 3
3 1
1 4
4 5
5 1
1 6
6 7
7 1
1 8
8 9
9 1
1 10
10 11
11 1
1 12
12 13
13 1
1 14
14 15
15 1
1 16
16 17
17 1
1 18
18 19
19 1
1 20
20 21
21 1
1 22
22 23
23 1
1 24
24 25
25 1
1 26
26 27
27 1
1 28
28 29
29 1
1 30
30 31
31 1
1 32
32 33
33 1
1 34
34 35
35 1
1 36
36 37
37 1
1 38
38 39
39 1
1 40
40 41
41 1
1 42
42 43
43 1
1 44
44 45
45 1
1 46
46 47
47 1
1 48
48 49
49 1
1 50
50 51
51 1
1 52
52 53
53 1
1 54
54 55
55 1
1 56
56 57
57 1
1 58
58 59
59 1
1 60
60 61
61 1
1 62
62 63
63 1
1 64
64 65
65 1
1 66
66 67
67 1
1 68
68 69
69 1
1 70
70 71
71 1
1 72
72 73
73 1
1 74
74 75
75 1
1 76
76 77
77 1
1 78
78 79
79 1
1 80
80 81
81 1
1 82
82 83
83 1
1 84
84 85
85 1
1 86
86 87
87 1
1 88
88 89
89 1
1 90
90 91
91 1
1 92
92 93
93 1
1 94
94 95
95 1
1 96
96 97
97 1
1 98
98 99
99 1
1 100
100 101
101 1
161 240
1 2
2 3
3 1
1 4
4 5
5 1
1 6
6 7
7 1
1 8
8 9
9 1
1 10
10 11
11 1
1 12
12 13
13 1
1 14
14 15
15 1
1 16
16 17
17 1
1 18
18 19
19 1
1 20
20 21
21 1
1 22
22 23
23 1
1 24
24 25
25 1
1 26
26 27
27 1
1 28
28 29
29 1
1 30
30 31
31 1
1 32
32 33
33 1
1 34
34 35
35 1
1 36
36 37
37 1
1 38
38 39
39 1
1 40
40 41
41 1
1 42
42 43
43 1
1 44
44 45
45 1
1 46
46 47
47 1
1 48
48 49
49 1
1 50
50 51
51 1
1 52
52 53
53 1
1 54
54 55
55 1
1 56
56 57
57 1
1 58
58 59
59 1
1 60
60 61
61 1
1 62
62 63
63 1
1 64
64 65
65 1
1 66
66 67
67 1
1 68
68 69
69 1
1 70
70 71
71 1
1 72
72 73
73 1
1 74
74 75
75 1
1 76
76 77
77 1
1 78
78 79
79 1
1 80
80 81
81 1
1 82
82 83
83 1
1 84
84 85
85 1
1 86
86 87
87 1
1 88
88 89
89 1
1 90
90 91
91 1
1 92
92 93
93 1
1 94
94 95
95 1
1 96
96 97
97 1
1 98
98 99
99 1
1 100
100 101
101 1
1 102
102 103
103 1
1 104
104 105
105 1
1 106
106 107
107 1
1 108
108 109
109 1
1 110
110 111
111 1
1 112
112 113
113 1
1 114
114 115
115 1
1 116
116 117
117 1
1 118
118 119
119 1
1 120
120 121
121 1
1 122
122 123
123 1
1 124
124 125
125 1
1 126
126 127
127 1
1 128
128 129
129 1
1 130
130 131
131 1
1 132
132 133
133 1
1 134
134 135
135 1
1 136
136 137
137 1
1 138
138 139
139 1
1 140
140 141
141 1
1 142
142 143
143 1
1 144
144 145
145 1
1 146
146 147
147 1
1 148
148 149
149 1
1 150
150 151
151 1
1 152
152 153
153 1
1 154
154 155
155 1
1 156
156 157
157 1
1 158
158 159
159 1
1 160
160 161
161 1
3 3
1 2
2 3
3 1
5 6
1 2
2 3
3 1
3 4
4 5
5 3
11 15
1 2
2 3
3 1
3 4
4 5
5 3
5 6
6 7
7 5
7 8
8 9
9 7
9 10
10 11
11 9
21 30
1 2
2 3
3 1
3 4
4 5
5 3
5 6
6 7
7 5
7 8
8 9
9 7
9 10
10 11
11 9
11 12
12 13
13 11
13 14
14 15
15 13
15 16
16 17
17 15
17 18
18 19
19 17
19 20
20 21
21 19
101 150
1 2
2 3
3 1
3 4
4 5
5 3
5 6
6 7
7 5
7 8
8 9
9 7
9 10
10 11
11 9
11 12
12 13
13 11
13 14
14 15
15 13
15 16
16 17
17 15
17 18
18 19
19 17
19 20
20 21
21 19
21 22
22 23
23 21
23 24
24 25
25 23
25 26
26 27
27 25
27 28
28 29
29 27
29 30
30 31
31 29
31 32
32 33
33 31
33 34
34 35
35 33
35 36
36 37
37 35
37 38
38 39
39 37
39 40
40 41
41 39
41 42
42 43
43 41
43 44
44 45
45 43
45 46
46 47
47 45
47 48
48 49
49 47
49 50
50 51
51 49
51 52
52 53
53 51
53 54
54 55
55 53
55 56
56 57
57 55
57 58
58 59
59 57
59 60
60 61
61 59
61 62
62 63
63 61
63 64
64 65
65 63
65 66
66 67
67 65
67 68
68 69
69 67
69 70
70 71
71 69
71 72
72 73
73 71
73 74
74 75
75 73
75 76
76 77
77 75
77 78
78 79
79 77
79 80
80 81
81 79
81 82
82 83
83 81
83 84
84 85
85 83
85 86
86 87
87 85
87 88
88 89
89 87
89 90
90 91
91 89
91 92
92 93
93 91
93 94
94 95
95 93
95 96
96 97
97 95
97 98
98 99
99 97
99 100
100 101
101 99
161 240
1 2
2 3
3 1
3 4
4 5
5 3
5 6
6 7
7 5
7 8
8 9
9 7
9 10
10 11
11 9
11 12
12 13
13 11
13 14
14 15
15 13
15 16
16 17
17 15
17 18
18 19
19 17
19 20
20 21
21 19
21 22
22 23
23 21
23 24
24 25
25 23
25 26
26 27
27 25
27 28
28 29
29 27
29 30
30 31
31 29
31 32
32 33
33 31
33 34
34 35
35 33
35 36
36 37
37 35
37 38
38 39
39 37
39 40
40 41
41 39
41 42
42 43
43 41
43 44
44 45
45 43
45 46
46 47
47 45
47 48
48 49
49 47
49 50
50 51
51 49
51 52
52 53
53 51
53 54
54 55
55 53
55 56
56 57
57 55
57 58
58 59
59 57
59 60
60 61
61 59
61 62
62 63
63 61
63 64
64 65
65 63
65 66
66 67
67 65
67 68
68 69
69 67
69 70
70 71
71 69
71 72
72 73
73 71
73 74
74 75
75 73
75 76
76 77
77 75
77 78
78 79
79 77
79 80
80 81
81 79
81 82
82 83
83 81
83 84
84 85
85 83
85 86
86 87
87 85
87 88
88 89
89 87
89 90
90 91
91 89
91 92
92 93
93 91
93 94
94 95
95 93
95 96
96 97
97 95
97 98
98 99
99 97
99 100
100 101
101 99
101 102
102 103
103 101
103 104
104 105
105 103
105 106
106 107
107 105
107 108
108 109
109 107
109 110
110 111
111 109
111 112
112 113
113 111
113 114
114 115
115 113
115 116
116 117
117 115
117 118
118 119
119 117
119 120
120 121
121 119
121 122
122 123
123 121
123 124
124 125
125 123
125 126
126 127
127 125
127 128
128 129
129 127
129 130
130 131
131 129
131 132
132 133
133 131
133 134
134 135
135 133
135 136
136 137
137 135
137 138
138 139
139 137
139 140
140 141
141 139
141 142
142 143
143 141
143 144
144 145
145 143
145 146
146 147
147 145
147 148
148 149
149 147
149 150
150 151
151 149
151 152
152 153
153 151
153 154
154 155
155 153
155 156
156 157
157 155
157 158
158 159
159 157
159 160
160 161
161 159
10 9
1 2
1 3
1 4
1 5
1 6
1 7
1 8
1 9
1 10
50 49
1 2
1 3
1 4
1 5
1 6
1 7
1 8
1 9
1 10
1 11
1 12
1 13
1 14
1 15
1 16
1 17
1 18
1 19
1 20
1 21
1 22
1 23
1 24
1 25
1 26
1 27
1 28
1 29
1 30
1 31
1 32
1 33
1 34
1 35
1 36
1 37
1 38
1 39
1 40
1 41
1 42
1 43
1 44
1 45
1 46
1 47
1 48
1 49
1 50
100 99
1 2
1 3
1 4
1 5
1 6
1 7
1 8
1 9
1 10
1 11
1 12
1 13
1 14
1 15
1 16
1 17
1 18
1 19
1 20
1 21
1 22
1 23
1 24
1 25
1 26
1 27
1 28
1 29
1 30
1 31
1 32
1 33
1 34
1 35
1 36
1 37
1 38
1 39
1 40
1 41
1 42
1 43
1 44
1 45
1 46
1 47
1 48
1 49
1 50
1 51
1 52
1 53
1 54
1 55
1 56
1 57
1 58
1 59
1 60
1 61
1 62
1 63
1 64
1 65
1 66
1 67
1 68
1 69
1 70
1 71
1 72
1 73
1 74
1 75
1 76
1 77
1 78
1 79
1 80
1 81
1 82
1 83
1 84
1 85
1 86
1 87
1 88
1 89
1 90
1 91
1 92
1 93
1 94
1 95
1 96
1 97
1 98
1 99
1 100
200 199
1 2
1 3
1 4
1 5
1 6
1 7
1 8
1 9
1 10
1 11
1 12
1 13
1 14
1 15
1 16
1 17
1 18
1 19
1 20
1 21
1 22
1 23
1 24
1 25
1 26
1 27
1 28
1 29
1 30
1 31
1 32
1 33
1 34
1 35
1 36
1 37
1 38
1 39
1 40
1 41
1 42
1 43
1 44
1 45
1 46
1 47
1 48
1 49
1 50
1 51
1 52
1 53
1 54
1 55
1 56
1 57
1 58
1 59
1 60
1 61
1 62
1 63
1 64
1 65
1 66
1 67
1 68
1 69
1 70
1 71
1 72
1 73
1 74
1 75
1 76
1 77
1 78
1 79
1 80
1 81
1 82
1 83
1 84
1 85
1 86
1 87
1 88
1 89
1 90
1 91
1 92
1 93
1 94
1 95
1 96
1 97
1 98
1 99
1 100
1 101
1 102
1 103
1 104
1 105
1 106
1 107
1 108
1 109
1 110
1 111
1 112
1 113
1 114
1 115
1 116
1 117
1 118
1 119
1 120
1 121
1 122
1 123
1 124
1 125
1 126
1 127
1 128
1 129
1 130
1 131
1 132
1 133
1 134
1 135
1 136
1 137
1 138
1 139
1 140
1 141
1 142
1 143
1 144
1 145
1 146
1 147
1 148
1 149
1 150
1 151
1 152
1 153
1 154
1 155
1 156
1 157
1 158
1 159
1 160
1 161
1 162
1 163
1 164
1 165
1 166
1 167
1 168
1 169
1 170
1 171
1 172
1 173
1 174
1 175
1 176
1 177
1 178
1 179
1 180
1 181
1 182
1 183
1 184
1 185
1 186
1 187
1 188
1 189
1 190
1 191
1 192
1 193
1 194
1 195
1 196
1 197
1 198
1 199
1 200
250 249
1 2
1 3
1 4
1 5
1 6
1 7
1 8
1 9
1 10
1 11
1 12
1 13
1 14
1 15
1 16
1 17
1 18
1 19
1 20
1 21
1 22
1 23
1 24
1 25
1 26
1 27
1 28
1 29
1 30
1 31
1 32
1 33
1 34
1 35
1 36
1 37
1 38
1 39
1 40
1 41
1 42
1 43
1 44
1 45
1 46
1 47
1 48
1 49
1 50
1 51
1 52
1 53
1 54
1 55
1 56
1 57
1 58
1 59
1 60
1 61
1 62
1 63
1 64
1 65
1 66
1 67
1 68
1 69
1 70
1 71
1 72
1 73
1 74
1 75
1 76
1 77
1 78
1 79
1 80
1 81
1 82
1 83
1 84
1 85
1 86
1 87
1 88
1 89
1 90
1 91
1 92
1 93
1 94
1 95
1 96
1 97
1 98
1 99
1 100
1 101
1 102
1 103
1 104
1 105
1 106
1 107
1 108
1 109
1 110
1 111
1 112
1 113
1 114
1 115
1 116
1 117
1 118
1 119
1 120
1 121
1 122
1 123
1 124
1 125
1 126
1 127
1 128
1 129
1 130
1 131
1 132
1 133
1 134
1 135
1 136
1 137
1 138
1 139
1 140
1 141
1 142
1 143
1 144
1 145
1 146
1 147
1 148
1 149
1 150
1 151
1 152
1 153
1 154
1 155
1 156
1 157
1 158
1 159
1 160
1 161
1 162
1 163
1 164
1 165
1 166
1 167
1 168
1 169
1 170
1 171
1 172
1 173
1 174
1 175
1 176
1 177
1 178
1 179
1 180
1 181
1 182
1 183
1 184
1 185
1 186
1 187
1 188
1 189
1 190
1 191
1 192
1 193
1 194
1 195
1 196
1 197
1 198
1 199
1 200
1 201
1 202
1 203
1 204
1 205
1 206
1 207
1 208
1 209
1 210
1 211
1 212
1 213
1 214
1 215
1 216
1 217
1 218
1 219
1 220
1 221
1 222
1 223
1 224
1 225
1 226
1 227
1 228
1 229
1 230
1 231
1 232
1 233
1 234
1 235
1 236
1 237
1 238
1 239
1 240
1 241
1 242
1 243
1 244
1 245
1 246
1 247
1 248
1 249
1 250
10 15
1 2
3 2
3 4
4 5
1 5
6 7
8 7
8 9
10 9
10 6
1 7
2 8
3 9
4 10
5 6
250 741
1 2
1 3
4 1
2 5
3 5
2 3
3 6
4 6
3 4
4 7
2 7
4 2
5 8
6 8
5 6
6 9
7 9
6 7
7 10
5 10
7 5
8 11
9 11
8 9
9 12
10 12
9 10
10 13
8 13
10 8
11 14
12 14
11 12
12 15
13 15
12 13
13 16
11 16
13 11
14 17
15 17
14 15
15 18
16 18
15 16
16 19
14 19
16 14
17 20
18 20
17 18
18 21
19 21
18 19
19 22
17 22
19 17
20 23
21 23
20 21
21 24
22 24
21 22
22 25
20 25
22 20
23 26
24 26
23 24
24 27
25 27
24 25
25 28
23 28
25 23
26 29
27 29
26 27
27 30
28 30
27 28
28 31
26 31
28 26
29 32
30 32
29 30
30 33
31 33
30 31
31 34
29 34
31 29
32 35
33 35
32 33
33 36
34 36
33 34
34 37
32 37
34 32
35 38
36 38
35 36
36 39
37 39
36 37
37 40
35 40
37 35
38 41
39 41
38 39
39 42
40 42
39 40
40 43
38 43
40 38
41 44
42 44
41 42
42 45
43 45
42 43
43 46
41 46
43 41
44 47
45 47
44 45
45 48
46 48
45 46
46 49
44 49
46 44
47 50
48 50
47 48
48 51
49 51
48 49
49 52
47 52
49 47
50 53
51 53
50 51
51 54
52 54
51 52
52 55
50 55
52 50
53 56
54 56
53 54
54 57
55 57
54 55
55 58
53 58
55 53
56 59
57 59
56 57
57 60
58 60
57 58
58 61
56 61
58 56
59 62
60 62
59 60
60 63
61 63
60 61
61 64
59 64
61 59
62 65
63 65
62 63
63 66
64 66
63 64
64 67
62 67
64 62
65 68
66 68
65 66
66 69
67 69
66 67
67 70
65 70
67 65
68 71
69 71
68 69
69 72
70 72
69 70
70 73
68 73
70 68
71 74
72 74
71 72
72 75
73 75
72 73
73 76
71 76
73 71
74 77
75 77
74 75
75 78
76 78
75 76
76 79
74 79
76 74
77 80
78 80
77 78
78 81
79 81
78 79
79 82
77 82
79 77
80 83
81 83
80 81
81 84
82 84
81 82
82 85
80 85
82 80
83 86
84 86
83 84
84 87
85 87
84 85
85 88
83 88
85 83
86 89
87 89
86 87
87 90
88 90
87 88
88 91
86 91
88 86
89 92
90 92
89 90
90 93
91 93
90 91
91 94
89 94
91 89
92 95
93 95
92 93
93 96
94 96
93 94
94 97
92 97
94 92
95 98
96 98
95 96
96 99
97 99
96 97
97 100
95 100
97 95
98 101
99 101
98 99
99 102
100 102
99 100
100 103
98 103
100 98
101 104
102 104
101 102
102 105
103 105
102 103
103 106
101 106
103 101
104 107
105 107
104 105
105 108
106 108
105 106
106 109
104 109
106 104
107 110
108 110
107 108
108 111
109 111
108 109
109 112
107 112
109 107
110 113
111 113
110 111
111 114
112 114
111 112
112 115
110 115
112 110
113 116
114 116
113 114
114 117
115 117
114 115
115 118
113 118
115 113
116 119
117 119
116 117
117 120
118 120
117 118
118 121
116 121
118 116
119 122
120 122
119 120
120 123
121 123
120 121
121 124
119 124
121 119
122 125
123 125
122 123
123 126
124 126
123 124
124 127
122 127
124 122
125 128
126 128
125 126
126 129
127 129
126 127
127 130
125 130
127 125
128 131
129 131
128 129
129 132
130 132
129 130
130 133
128 133
130 128
131 134
132 134
131 132
132 135
133 135
132 133
133 136
131 136
133 131
134 137
135 137
134 135
135 138
136 138
135 136
136 139
134 139
136 134
137 140
138 140
137 138
138 141
139 141
138 139
139 142
137 142
139 137
140 143
141 143
140 141
141 144
142 144
141 142
142 145
140 145
142 140
143 146
144 146
143 144
144 147
145 147
144 145
145 148
143 148
145 143
146 149
147 149
146 147
147 150
148 150
147 148
148 151
146 151
148 146
149 152
150 152
149 150
150 153
151 153
150 151
151 154
149 154
151 149
152 155
153 155
152 153
153 156
154 156
153 154
154 157
152 157
154 152
155 158
156 158
155 156
156 159
157 159
156 157
157 160
155 160
157 155
158 161
159 161
158 159
159 162
160 162
159 160
160 163
158 163
160 158
161 164
162 164
161 162
162 165
163 165
162 163
163 166
161 166
163 161
164 167
165 167
164 165
165 168
166 168
165 166
166 169
164 169
166 164
167 170
168 170
167 168
168 171
169 171
168 169
169 172
167 172
169 167
170 173
171 173
170 171
171 174
172 174
171 172
172 175
170 175
172 170
173 176
174 176
173 174
174 177
175 177
174 175
175 178
173 178
175 173
176 179
177 179
176 177
177 180
178 180
177 178
178 181
176 181
178 176
179 182
180 182
179 180
180 183
181 183
180 181
181 184
179 184
181 179
182 185
183 185
182 183
183 186
184 186
183 184
184 187
182 187
184 182
185 188
186 188
185 186
186 189
187 189
186 187
187 190
185 190
187 185
188 191
189 191
188 189
189 192
190 192
189 190
190 193
188 193
190 188
191 194
192 194
191 192
192 195
193 195
192 193
193 196
191 196
193 191
194 197
195 197
194 195
195 198
196 198
195 196
196 199
194 199
196 194
197 200
198 200
197 198
198 201
199 201
198 199
199 202
197 202
199 197
200 203
201 203
200 201
201 204
202 204
201 202
202 205
200 205
202 200
203 206
204 206
203 204
204 207
205 207
204 205
205 208
203 208
205 203
206 209
207 209
206 207
207 210
208 210
207 208
208 211
206 211
208 206
209 212
210 212
209 210
210 213
211 213
210 211
211 214
209 214
211 209
212 215
213 215
212 213
213 216
214 216
213 214
214 217
212 217
214 212
215 218
216 218
215 216
216 219
217 219
216 217
217 220
215 220
217 215
218 221
219 221
218 219
219 222
220 222
219 220
220 223
218 223
220 218
221 224
222 224
221 222
222 225
223 225
222 223
223 226
221 226
223 221
224 227
225 227
224 225
225 228
226 228
225 226
226 229
224 229
226 224
227 230
228 230
227 228
228 231
229 231
228 229
229 232
227 232
229 227
230 233
231 233
230 231
231 234
232 234
231 232
232 235
230 235
232 230
233 236
234 236
233 234
234 237
235 237
234 235
235 238
233 238
235 233
236 239
237 239
236 237
237 240
238 240
237 238
238 241
236 241
238 236
239 242
240 242
239 240
240 243
241 243
240 241
241 244
239 244
241 239
242 245
243 245
242 243
243 246
244 246
243 244
244 247
242 247
244 242
245 248
246 248
245 246
246 249
247 249
246 247
247 250
245 250
247 245
250 465
1 2
1 26
2 3
2 27
3 4
3 28
4 5
4 29
5 6
5 30
6 7
6 31
7 8
7 32
8 9
8 33
9 10
9 34
10 11
10 35
11 12
11 36
12 13
12 37
13 14
13 38
14 15
14 39
15 16
15 40
16 17
16 41
17 18
17 42
18 19
18 43
19 20
19 44
20 21
20 45
21 22
21 46
22 23
22 47
23 24
23 48
24 25
24 49
25 50
26 27
26 51
27 28
27 52
28 29
28 53
29 30
29 54
30 31
30 55
31 32
31 56
32 33
32 57
33 34
33 58
34 35
34 59
35 36
35 60
36 37
36 61
37 38
37 62
38 39
38 63
39 40
39 64
40 41
40 65
41 42
41 66
42 43
42 67
43 44
43 68
44 45
44 69
45 46
45 70
46 47
46 71
47 48
47 72
48 49
48 73
49 50
49 74
50 75
51 52
51 76
52 53
52 77
53 54
53 78
54 55
54 79
55 56
55 80
56 57
56 81
57 58
57 82
58 59
58 83
59 60
59 84
60 61
60 85
61 62
61 86
62 63
62 87
63 64
63 88
64 65
64 89
65 66
65 90
66 67
66 91
67 68
67 92
68 69
68 93
69 70
69 94
70 71
70 95
71 72
71 96
72 73
72 97
73 74
73 98
74 75
74 99
75 100
76 77
76 101
77 78
77 102
78 79
78 103
79 80
79 104
80 81
80 105
81 82
81 106
82 83
82 107
83 84
83 108
84 85
84 109
85 86
85 110
86 87
86 111
87 88
87 112
88 89
88 113
89 90
89 114
90 91
90 115
91 92
91 116
92 93
92 117
93 94
93 118
94 95
94 119
95 96
95 120
96 97
96 121
97 98
97 122
98 99
98 123
99 100
99 124
100 125
101 102
101 126
102 103
102 127
103 104
103 128
104 105
104 129
105 106
105 130
106 107
106 131
107 108
107 132
108 109
108 133
109 110
109 134
110 111
110 135
111 112
111 136
112 113
112 137
113 114
113 138
114 115
114 139
115 116
115 140
116 117
116 141
117 118
117 142
118 119
118 143
119 120
119 144
120 121
120 145
121 122
121 146
122 123
122 147
123 124
123 148
124 125
124 149
125 150
126 127
126 151
127 128
127 152
128 129
128 153
129 130
129 154
130 131
130 155
131 132
131 156
132 133
132 157
133 134
133 158
134 135
134 159
135 136
135 160
136 137
136 161
137 138
137 162
138 139
138 163
139 140
139 164
140 141
140 165
141 142
141 166
142 143
142 167
143 144
143 168
144 145
144 169
145 146
145 170
146 147
146 171
147 148
147 172
148 149
148 173
149 150
149 174
150 175
151 152
151 176
152 153
152 177
153 154
153 178
154 155
154 179
155 156
155 180
156 157
156 181
157 158
157 182
158 159
158 183
159 160
159 184
160 161
160 185
161 162
161 186
162 163
162 187
163 164
163 188
164 165
164 189
165 166
165 190
166 167
166 191
167 168
167 192
168 169
168 193
169 170
169 194
170 171
170 195
171 172
171 196
172 173
172 197
173 174
173 198
174 175
174 199
175 200
176 177
176 201
177 178
177 202
178 179
178 203
179 180
179 204
180 181
180 205
181 182
181 206
182 183
182 207
183 184
183 208
184 185
184 209
185 186
185 210
186 187
186 211
187 188
187 212
188 189
188 213
189 190
189 214
190 191
190 215
191 192
191 216
192 193
192 217
193 194
193 218
194 195
194 219
195 196
195 220
196 197
196 221
197 198
197 222
198 199
198 223
199 200
199 224
200 225
201 202
201 226
202 203
202 227
203 204
203 228
204 205
204 229
205 206
205 230
206 207
206 231
207 208
207 232
208 209
208 233
209 210
209 234
210 211
210 235
211 212
211 236
212 213
212 237
213 214
213 238
214 215
214 239
215 216
215 240
216 217
216 241
217 218
217 242
218 219
218 243
219 220
219 244
220 221
220 245
221 222
221 246
222 223
222 247
223 224
223 248
224 225
224 249
225 250
226 227
227 228
228 229
229 230
230 231
231 232
232 233
233 234
234 235
235 236
236 237
237 238
238 239
239 240
240 241
241 242
242 243
243 244
244 245
245 246
246 247
247 248
248 249
249 250
