22
1
10.0 10.0
2
1.0 1.0
2.0 2.0
2
1.0 1.0
24999.999 1.0
2
1.0 1.0
1.0 24999.999
3
1.00 1.00
3.00 1.00
2.00 1.00
3
1.00 1.00
1.00 3.00
1.00 2.00
3
1.0 1.0
2.0 2.0
1.5 1.5
3
1.0 1.0
1.5 1.5
2.0 2.0
3
1.0 1.0
1.0 1.5
1.0 2.5
3
1.0 1.0
1.5 1.0
2.5 1.0
3
1.0 1.0
2.0 2.0
0.80 2.5
3
0 0
0 5
1 2.5
3
6.420 5.254
0.457 4.716
2.147 7.424
4
1.25 -3.5
1.25 -7.5
5.25 -7.5
5.25 -3.5
4
2.000 4.000
4.000 5.900
6.000 4.000
4.000 1.500
4
7.03 3.85
2.59 7.32
9.59 3.51
9.46 8.54
4
2.00 2.00
10.00 2.00
2.00 2.10
2.00 1.90
4
6.52 6.95
5.33 4.35
1.58 7.54
7.31 7.66
4
0.0 0.0
0.0 24999.999
24999.999 0.0
24999.999 24999.999
4
8.714 6.681
1.687 1.420
7.267 1.470
0.990 6.690
4
7.668 2.403
1.238 4.043
8.883 9.820
0.288 9.820
8000
5.543 7.611
6.983 2.749
7.041 8.366
8.600 8.717
9.211 1.535
2.020 9.069
6.557 8.376
4.890 1.747
2.715 7.169
3.369 0.752
8.594 6.161
9.485 2.336
1.414 2.741
8.588 4.573
2.775 5.208
6.279 7.423
6.553 5.957
7.548 8.037
1.921 9.373
7.711 7.188
2.164 3.425
1.223 9.121
7.617 5.583
1.584 6.663
7.354 0.120
5.762 8.679
2.022 5.292
2.796 9.531
6.250 1.196
2.006 4.689
6.436 3.965
5.943 2.683
8.086 6.145
2.457 1.538
5.925 4.007
1.991 7.150
4.460 7.189
6.206 7.993
8.555 8.337
1.993 8.278
0.516 2.419
8.325 7.633
6.253 4.271
7.138 0.490
8.237 1.696
8.513 4.627
6.208 7.109
4.672 3.693
8.490 9.335
8.780 7.889
5.453 5.771
2.260 9.651
6.248 0.754
1.613 9.731
6.927 1.081
3.896 2.055
2.710 9.181
4.510 8.661
1.632 0.898
1.652 4.787
5.863 7.873
0.255 7.340
2.149 6.281
0.003 1.825
9.415 1.381
6.915 4.369
8.396 5.222
6.740 4.168
4.826 1.586
0.470 1.720
2.635 9.607
0.437 3.361
1.252 6.167
0.590 8.413
8.038 7.888
1.924 1.329
4.254 3.566
0.067 0.800
0.503 5.493
4.458 5.804
0.231 0.513
2.778 7.307
6.639 7.510
6.148 7.631
9.410 3.488
3.650 1.930
3.942 0.519
8.392 2.784
6.519 8.386
8.374 1.339
6.048 4.538
1.655 8.435
3.818 0.654
7.962 4.902
6.927 7.048
3.137 1.360
6.009 5.961
8.868 2.691
9.134 6.043
4.880 1.137
2.150 6.687
4.763 1.890
7.787 3.054
0.947 3.422
3.566 2.420
5.298 0.265
8.589 0.923
1.167 8.829
7.140 7.445
1.409 0.583
1.562 1.218
0.852 3.469
3.425 4.330
7.732 5.346
8.857 5.924
7.616 5.140
2.944 7.443
2.426 6.979
4.762 3.864
3.221 1.468
8.242 0.590
4.475 0.109
9.597 0.788
8.721 4.550
0.640 1.533
5.969 2.912
1.861 1.439
9.211 8.173
3.521 0.191
0.959 6.710
2.262 7.721
7.471 3.190
4.928 5.832
5.876 0.264
8.034 7.082
0.359 6.037
3.575 2.518
1.611 2.227
2.095 1.876
1.290 4.981
1.560 9.183
6.858 5.344
4.100 3.321
2.298 2.407
3.030 7.449
8.096 2.696
4.781 9.688
4.098 1.041
3.337 8.420
1.112 0.395
3.489 5.402
0.316 8.874
9.813 4.487
6.836 6.960
6.096 7.643
6.682 3.996
6.319 9.263
0.628 4.721
4.698 7.261
6.284 2.500
1.416 6.965
5.814 8.454
5.605 7.013
8.167 3.392
7.754 7.780
4.485 6.620
3.888 5.475
6.466 9.106
6.607 5.515
1.654 0.289
4.279 9.574
2.145 0.633
4.304 2.911
9.379 5.545
1.556 5.257
1.458 9.919
7.138 3.107
8.808 7.640
8.073 5.728
0.908 2.908
9.187 9.490
8.106 3.249
1.651 6.448
1.845 2.773
4.834 8.837
2.193 5.578
1.267 4.656
4.729 7.338
4.910 4.736
4.947 7.849
8.952 6.635
3.990 5.495
9.590 3.100
4.029 4.299
7.423 9.663
9.115 6.050
5.822 8.347
4.203 7.098
7.455 6.391
6.798 8.782
9.163 7.773
7.525 1.049
4.166 0.463
7.814 2.960
5.924 5.751
7.976 1.039
7.354 0.520
0.539 7.695
2.984 1.528
3.273 9.806
6.655 9.770
6.780 5.458
5.248 1.689
0.824 4.212
6.309 6.854
3.549 8.650
2.746 2.587
2.639 8.211
6.047 1.359
4.342 6.554
5.716 5.242
2.774 8.382
3.372 5.563
8.387 0.456
8.189 8.674
3.582 7.144
3.428 5.002
6.744 9.655
2.024 0.087
4.006 8.784
1.170 7.204
1.208 5.647
7.400 3.762
5.423 2.563
2.578 2.622
8.215 1.594
7.356 0.543
0.596 7.653
2.490 4.843
8.150 3.609
4.992 3.137
2.061 1.207
7.173 7.252
3.295 8.923
6.553 8.805
8.654 5.584
3.879 4.544
0.424 9.597
3.000 8.748
3.852 5.430
4.018 0.714
1.335 1.071
5.977 7.355
9.599 2.526
3.028 8.993
3.647 5.013
1.331 2.440
9.382 6.858
3.957 8.072
0.606 4.979
0.035 6.402
5.688 6.868
8.746 7.789
3.079 4.798
5.729 3.905
1.560 2.959
7.193 9.144
2.941 9.403
7.169 6.004
1.654 5.191
1.752 5.377
6.659 1.815
0.081 4.234
8.777 7.443
1.503 9.483
3.737 1.805
0.940 0.348
1.539 4.509
0.582 5.373
2.798 7.229
7.995 1.723
5.613 4.980
9.843 9.248
3.040 8.779
1.594 8.721
4.512 7.791
3.297 6.049
0.814 3.986
7.467 2.833
1.887 3.630
4.021 2.968
9.405 8.851
5.894 3.127
5.209 9.596
9.940 8.040
1.651 1.405
5.217 4.197
1.090 2.405
0.380 4.890
4.894 1.110
6.847 9.263
7.305 0.299
0.329 0.349
8.803 5.724
6.462 2.161
5.436 9.311
0.901 1.591
9.647 9.434
7.608 6.946
3.539 9.593
7.114 6.203
4.057 1.314
6.321 3.389
4.422 8.858
6.047 8.446
0.488 8.757
0.828 7.353
6.960 3.717
4.827 6.168
3.595 8.173
0.263 4.942
4.438 6.975
1.674 5.014
7.303 6.298
3.061 6.766
8.983 5.170
7.546 1.397
8.067 2.943
3.761 1.660
6.620 5.938
9.350 5.336
3.297 9.184
0.942 3.655
0.454 1.809
0.347 3.438
8.341 0.656
0.858 0.857
3.596 0.587
2.517 3.501
9.768 8.130
7.506 4.048
3.596 1.635
5.861 7.983
6.393 1.767
2.388 7.033
9.218 1.404
5.371 8.998
3.381 3.916
6.943 3.481
3.935 5.619
3.203 4.639
3.582 2.358
4.718 7.803
5.130 8.428
7.029 2.566
1.557 0.327
7.034 5.528
2.541 1.566
3.643 3.228
6.835 7.196
2.028 9.041
5.127 9.109
8.883 4.316
6.009 0.107
4.921 8.847
3.037 4.144
6.091 7.764
1.802 5.937
4.887 2.927
3.832 2.701
2.800 2.606
2.719 9.925
2.694 8.777
5.184 7.867
1.297 5.091
9.424 3.204
5.583 7.021
4.623 7.701
4.051 7.288
1.410 8.485
3.345 4.229
1.565 2.574
9.103 4.247
1.805 0.420
9.746 1.199
2.312 7.806
0.165 5.510
4.843 7.175
0.797 6.715
2.430 1.980
4.482 7.326
7.756 3.030
8.856 5.530
7.474 1.906
4.867 5.945
4.557 6.729
7.432 0.782
4.849 5.704
7.163 4.116
2.025 1.833
6.668 2.728
5.459 9.220
9.004 3.041
5.824 4.980
4.994 9.212
9.075 2.218
5.518 2.453
1.734 9.016
9.831 2.231
6.531 3.176
2.515 0.434
5.655 5.628
1.070 6.261
7.687 4.209
4.948 7.367
9.440 8.536
5.496 4.585
9.326 2.520
7.796 2.582
8.818 5.822
9.074 8.824
5.293 6.675
5.368 9.763
7.866 0.565
1.707 2.966
4.764 9.678
3.306 4.614
8.341 8.367
2.085 1.062
2.408 2.736
2.118 0.560
5.251 2.060
3.953 8.749
6.322 2.666
5.857 8.083
6.559 2.751
0.010 5.783
1.268 6.419
1.453 3.220
5.076 2.604
0.405 4.618
6.760 3.129
2.764 4.476
7.495 8.231
8.081 8.955
6.703 8.336
3.750 8.402
8.586 7.912
6.086 1.031
7.786 1.009
2.313 9.523
1.758 1.795
0.965 6.240
4.823 5.392
6.180 3.239
1.386 5.797
4.917 7.033
2.884 2.274
7.109 4.904
3.211 2.233
9.976 0.730
2.427 4.656
6.699 5.659
9.008 2.804
6.105 7.020
9.553 8.821
6.549 3.049
0.794 5.974
6.994 7.708
3.782 4.412
1.974 7.123
3.111 5.772
6.838 3.094
5.594 8.125
4.572 8.105
9.868 7.798
4.270 0.311
5.375 1.818
9.854 2.777
3.159 6.553
5.270 4.369
7.291 3.521
9.282 6.004
3.429 6.710
1.541 5.763
8.419 5.173
8.382 1.796
5.827 9.497
2.815 6.231
9.130 2.771
6.458 8.698
7.368 6.344
9.002 3.102
6.004 7.160
4.616 7.344
4.969 9.915
9.786 3.128
5.858 0.619
6.345 4.367
7.337 2.173
1.272 9.628
1.262 3.594
7.205 2.814
3.661 4.067
1.932 7.631
8.293 7.361
0.267 1.222
9.040 9.843
6.356 8.953
8.589 2.117
3.197 6.203
8.393 5.971
2.344 9.448
2.763 0.529
2.079 2.906
8.899 4.175
9.385 4.919
0.496 1.322
4.335 6.499
4.579 5.818
9.822 0.115
2.188 5.778
1.661 4.202
6.158 5.345
0.053 5.114
0.627 4.837
2.786 8.972
6.109 2.306
3.694 2.012
3.774 6.718
1.970 3.935
8.571 4.201
8.081 9.074
0.466 7.801
2.667 1.238
1.848 6.671
2.696 0.638
9.013 8.626
7.419 8.818
5.906 0.622
0.382 5.572
0.955 7.344
2.082 3.816
9.895 4.321
9.185 6.014
2.237 8.222
7.707 4.461
6.822 4.178
1.872 8.676
8.308 2.117
4.497 1.942
0.436 1.969
0.020 5.090
4.844 3.116
8.224 4.112
6.465 2.127
8.558 8.432
7.176 3.531
1.203 3.721
7.005 2.653
3.203 5.589
2.068 2.830
9.380 9.374
5.817 6.702
6.739 0.785
7.770 9.711
9.284 0.369
3.793 4.393
5.105 0.207
4.766 7.308
6.364 4.390
3.954 8.576
3.291 6.245
3.450 0.573
2.677 6.712
0.215 3.327
0.473 6.934
5.078 2.766
3.120 1.366
5.866 7.246
7.183 9.120
7.410 9.486
5.381 4.121
9.778 9.700
0.647 7.570
9.593 2.019
9.802 3.040
6.317 9.541
7.246 2.425
2.567 3.607
5.691 3.175
7.736 1.297
4.034 9.667
3.684 0.436
0.917 2.828
7.303 2.182
1.431 8.487
8.096 5.902
5.163 6.770
0.489 5.350
5.784 9.967
1.101 2.992
1.631 8.812
4.271 2.085
4.982 5.666
1.626 3.036
0.247 1.942
1.179 2.062
1.097 3.205
9.627 5.854
2.750 3.877
7.624 9.391
6.023 9.937
9.135 8.843
6.288 7.443
5.722 1.720
0.777 9.326
6.744 6.469
8.834 1.242
4.292 0.154
3.709 7.372
3.217 4.335
5.766 5.664
2.287 2.888
9.546 6.442
0.664 9.126
4.161 9.031
9.960 5.703
2.703 2.221
8.666 3.038
0.271 9.257
1.213 1.010
6.389 8.645
2.386 3.600
4.220 9.246
7.005 0.248
0.795 0.078
0.400 9.718
2.762 1.235
0.320 9.993
0.998 8.253
2.950 4.433
0.468 9.598
8.507 3.825
9.961 4.796
9.385 8.304
9.486 7.532
1.799 7.780
6.010 6.536
9.084 3.011
1.883 5.503
1.416 9.236
0.227 1.007
9.188 1.035
2.763 4.728
4.256 5.498
4.354 4.729
9.109 4.952
9.647 7.321
4.106 3.579
3.650 1.855
5.448 4.475
4.182 4.375
3.573 6.553
1.789 7.734
3.641 9.113
9.621 4.333
1.527 2.926
9.953 5.148
5.924 7.210
2.056 4.009
8.887 9.571
0.107 6.469
7.578 2.983
2.161 2.177
6.596 4.459
1.420 8.259
4.929 2.994
8.537 4.540
9.735 6.881
2.934 6.461
3.969 4.422
8.538 6.902
6.313 2.750
2.349 7.448
1.897 0.466
3.082 7.325
3.915 5.133
9.681 5.534
0.905 0.633
7.496 9.927
3.872 0.032
2.140 4.953
1.982 0.691
6.263 8.828
5.992 4.655
3.840 2.458
5.664 0.640
0.389 7.445
0.520 8.968
3.717 3.568
8.784 2.247
0.208 1.548
5.695 9.994
5.424 6.128
0.051 5.081
4.012 0.569
0.874 6.944
6.149 4.953
8.412 9.446
3.559 4.104
6.874 0.264
0.966 3.755
7.911 7.969
3.876 1.815
1.990 3.006
0.137 6.838
5.561 8.454
9.786 0.221
8.999 3.751
7.155 9.866
2.549 3.169
1.349 7.321
1.046 7.270
4.186 0.714
0.784 5.745
3.181 1.346
9.895 5.776
4.228 9.640
6.347 4.223
1.438 0.235
9.461 1.184
8.655 8.167
7.473 0.714
0.096 7.621
3.947 4.780
6.578 6.087
9.471 1.744
8.677 5.813
4.654 8.442
8.428 1.115
5.485 1.851
1.880 2.809
9.896 9.039
9.950 1.255
5.379 0.727
0.527 3.684
8.949 2.404
7.544 7.111
7.583 4.669
3.908 9.970
9.137 0.175
5.263 5.892
6.752 9.056
0.111 7.647
2.844 7.023
3.508 5.137
6.461 3.529
0.642 7.207
1.739 4.662
7.197 8.540
1.487 3.014
8.345 7.531
0.936 1.832
1.220 1.100
4.772 6.340
4.787 3.295
2.523 8.404
9.034 3.170
5.841 6.008
9.087 4.966
8.587 1.074
6.012 8.138
7.840 7.061
9.725 2.833
1.066 1.061
4.573 3.091
3.349 1.116
1.411 7.159
8.448 2.642
6.676 2.358
4.305 0.245
0.907 0.860
1.102 3.200
5.303 1.358
8.592 5.560
4.686 6.989
9.373 4.985
1.259 1.441
5.471 9.519
1.525 1.769
2.111 1.618
8.361 1.740
2.285 6.948
6.920 3.545
7.681 0.726
8.638 8.305
9.125 5.926
0.650 3.048
1.304 7.796
8.827 3.075
2.726 3.681
6.913 2.127
7.996 7.028
7.291 5.346
5.887 4.681
0.259 9.339
5.709 3.573
9.427 4.423
9.730 4.152
7.130 0.922
3.816 1.700
6.927 3.811
8.782 8.166
4.654 0.180
1.200 8.828
4.481 2.196
0.408 1.796
9.704 1.739
5.585 9.504
1.648 5.850
9.248 6.782
4.516 4.292
5.647 9.839
9.239 9.310
3.083 6.743
1.144 1.465
9.528 4.110
1.562 5.125
1.395 5.083
2.053 4.407
9.642 7.745
3.174 7.870
7.494 0.416
4.077 7.058
6.509 5.220
2.384 0.243
0.391 6.995
8.112 6.027
8.770 0.279
6.382 2.266
8.317 6.551
6.587 3.763
2.058 5.327
2.814 5.949
5.720 0.879
9.987 4.031
5.913 6.011
1.894 0.273
9.174 8.486
4.114 1.381
7.389 3.703
8.077 7.169
4.417 1.950
2.164 6.175
3.509 2.989
5.315 2.369
3.238 7.618
5.194 8.768
6.901 0.844
9.205 3.458
6.529 5.529
9.383 0.754
2.016 2.235
7.475 4.640
4.392 8.590
8.543 4.264
3.205 3.846
7.086 4.665
8.681 9.082
3.897 2.060
6.975 5.481
0.789 2.445
4.894 9.511
2.043 1.030
5.501 4.694
5.631 1.963
1.481 6.589
7.791 2.275
1.636 9.719
6.179 7.599
9.705 0.176
7.656 1.243
7.843 7.755
1.236 3.567
2.293 9.757
7.165 9.581
8.621 4.094
1.457 7.630
8.143 8.498
4.941 2.534
5.398 6.345
8.444 5.886
4.600 5.306
2.878 3.418
9.821 2.224
2.446 2.514
6.405 0.824
1.156 4.467
7.833 1.748
0.378 4.091
1.776 2.571
0.476 0.529
2.016 0.538
1.000 7.624
5.722 0.933
4.653 8.072
9.984 1.893
2.453 9.306
9.713 2.146
4.927 5.619
5.141 6.486
6.970 7.973
4.583 6.718
9.456 3.497
4.856 8.408
7.099 9.333
0.576 2.966
1.803 9.990
7.308 5.974
2.554 6.482
4.487 4.195
0.271 0.119
5.817 8.948
8.206 0.176
9.401 9.315
1.987 2.463
4.811 6.712
8.215 2.738
0.357 5.694
7.515 6.645
1.743 3.536
5.225 5.786
2.752 9.287
3.126 6.649
4.802 5.646
2.415 7.340
8.086 8.956
2.188 8.352
5.948 8.426
7.843 6.300
1.387 6.734
5.965 8.988
7.566 3.178
1.943 9.961
1.914 5.617
3.506 7.129
0.357 8.073
9.285 4.697
3.232 7.612
6.508 8.644
8.947 7.398
1.336 9.246
4.748 2.155
5.956 4.209
0.961 3.829
0.512 6.963
2.545 9.149
2.438 0.393
7.251 1.909
8.884 6.945
7.666 1.015
3.584 4.922
9.472 6.453
0.164 2.380
2.477 3.478
6.435 1.854
0.624 8.802
6.135 8.899
6.939 3.014
0.317 3.536
5.541 3.232
8.486 6.560
9.950 0.579
1.272 9.974
8.410 7.480
6.968 9.265
9.656 0.963
4.358 6.758
0.902 6.477
7.295 0.389
5.074 0.263
5.156 1.681
4.637 1.713
6.239 0.254
2.097 5.706
7.103 2.701
6.915 1.561
2.343 8.266
6.731 4.321
0.817 6.294
5.236 6.878
6.169 9.518
0.404 1.046
8.788 7.381
4.666 6.801
1.219 4.101
0.655 6.390
0.396 0.853
0.877 5.068
1.675 6.249
1.645 6.021
5.197 8.976
2.581 3.875
5.718 5.408
4.484 5.923
4.162 6.077
0.738 0.400
7.973 2.405
4.113 9.553
3.313 9.800
1.753 9.692
8.383 6.335
4.723 4.826
1.913 6.900
0.464 0.340
3.212 6.027
9.690 2.591
1.014 5.057
1.919 8.683
2.086 4.586
3.103 7.673
0.122 1.620
6.356 5.409
0.755 8.589
5.930 4.694
8.020 4.793
0.335 0.953
7.928 1.523
0.006 1.423
4.117 6.406
4.256 3.367
8.441 0.846
6.525 5.088
8.738 9.119
4.030 9.958
1.121 3.892
9.267 5.570
8.362 0.629
4.885 5.107
5.757 9.990
7.877 9.393
1.265 0.782
2.435 8.003
7.937 4.211
9.632 5.280
5.579 1.596
1.891 2.864
0.458 3.675
6.871 9.469
8.611 6.602
7.617 5.868
0.535 3.192
9.395 1.018
0.089 5.774
4.897 5.293
6.428 3.377
1.284 9.063
6.850 4.308
6.781 8.202
4.760 3.198
7.775 5.503
6.928 4.720
6.357 4.185
9.009 1.119
6.935 8.586
2.246 5.386
1.109 8.992
1.301 5.893
7.397 7.494
7.695 8.992
8.808 2.304
0.061 6.096
5.571 5.604
6.809 0.386
2.581 3.213
9.384 6.127
6.064 8.729
3.752 3.663
6.589 2.297
7.342 2.405
8.596 8.652
3.346 2.440
5.195 2.649
4.453 7.144
9.450 5.776
9.853 1.314
2.789 9.781
7.516 4.365
9.514 6.086
0.690 5.592
3.699 3.369
4.922 7.580
7.969 7.670
8.184 9.634
8.225 0.383
4.873 3.551
1.422 7.995
9.191 1.964
5.656 0.095
8.931 7.164
9.326 0.908
8.991 6.389
7.858 9.325
6.891 5.155
3.873 3.887
1.737 8.080
0.761 9.602
8.555 4.251
8.578 5.236
6.350 2.379
2.354 3.589
4.981 8.417
4.280 4.658
3.300 7.721
0.847 8.339
2.534 7.529
6.983 5.055
8.841 8.175
5.235 8.326
8.999 5.979
6.652 3.318
0.224 2.870
7.074 4.951
8.916 7.554
8.510 3.424
6.554 1.153
8.381 6.886
4.762 0.123
2.660 9.684
1.132 4.801
4.339 6.652
0.515 8.080
1.882 9.937
1.449 2.206
2.579 0.317
2.442 7.552
3.735 9.186
8.785 7.744
6.033 9.111
6.890 8.871
0.287 7.031
5.020 6.583
8.017 8.236
0.161 8.028
6.713 9.497
9.639 4.588
5.344 1.583
5.657 8.327
7.450 6.619
6.543 6.391
6.013 3.780
0.730 3.180
9.471 9.942
3.440 5.527
3.818 3.488
5.350 5.045
3.652 3.363
2.560 0.027
8.651 5.111
7.546 0.445
3.121 6.633
2.157 7.846
9.374 0.486
0.941 0.878
8.400 1.178
5.697 2.295
0.462 5.821
7.240 0.527
8.608 4.582
1.762 7.874
0.362 9.526
4.127 5.534
3.270 1.923
3.684 5.823
4.109 6.126
3.768 4.355
0.849 6.253
9.252 3.897
1.999 5.464
9.475 8.707
1.744 7.635
1.233 1.739
9.861 0.303
7.569 7.599
7.180 6.375
6.124 1.335
1.948 3.428
6.074 9.377
9.276 0.213
3.909 0.503
0.756 7.485
7.518 9.115
5.144 3.480
8.455 7.695
9.204 7.516
1.064 1.529
9.714 9.978
0.692 2.799
9.445 5.741
1.653 5.691
7.467 8.039
1.979 6.713
8.904 3.709
9.530 8.967
1.620 6.371
8.292 7.711
4.814 3.570
9.208 4.794
8.281 0.260
7.058 5.960
5.975 9.442
2.960 1.808
5.950 5.553
5.725 7.615
8.231 5.132
4.059 2.896
1.019 7.611
7.340 5.654
6.380 1.055
4.177 8.767
2.426 3.517
3.476 6.456
4.810 1.793
9.800 9.265
4.870 8.130
7.635 0.778
7.753 5.346
7.064 2.096
3.552 9.372
9.503 8.057
7.526 1.992
0.912 1.966
3.431 0.071
8.052 5.800
6.485 3.319
9.605 7.149
3.132 7.824
4.823 2.419
2.839 8.962
1.332 1.900
9.238 1.062
8.803 0.181
2.470 4.664
5.122 6.785
5.103 5.669
1.852 2.901
1.980 0.201
0.886 5.472
9.280 9.374
0.333 8.158
6.538 0.956
0.076 3.020
2.878 1.402
5.851 3.846
2.054 1.976
7.024 8.732
4.032 2.607
2.832 3.495
9.088 2.516
9.185 3.129
7.824 0.814
0.374 8.049
9.873 5.097
0.594 8.717
0.943 2.191
9.637 7.739
9.785 6.347
9.816 0.922
0.575 5.579
0.797 7.576
4.405 6.080
9.990 5.516
5.082 3.151
8.409 4.277
9.469 0.282
6.138 3.343
8.870 8.542
4.804 2.700
2.371 7.118
3.620 6.709
8.671 8.166
8.504 3.687
2.455 3.805
7.956 9.416
9.221 7.850
8.868 4.263
1.713 8.181
5.221 7.761
1.447 2.022
7.266 8.260
5.684 6.582
5.148 8.384
7.620 9.344
8.239 8.155
7.609 6.404
1.081 3.595
3.589 8.492
5.748 2.870
7.779 5.919
5.781 4.014
9.937 9.305
8.014 1.490
2.249 4.603
6.786 0.102
4.474 1.204
9.992 2.123
0.273 8.442
1.796 9.495
8.454 0.900
7.776 3.373
5.006 8.351
2.865 2.446
9.490 5.109
9.284 3.950
7.265 2.784
6.747 8.629
4.993 4.998
6.619 6.220
7.801 9.305
6.681 6.148
3.307 8.762
2.423 7.566
0.106 1.083
8.314 3.168
2.765 4.330
5.647 1.209
8.774 6.204
7.723 3.011
6.280 4.436
2.829 8.373
3.633 6.998
5.759 9.540
7.671 5.574
8.673 5.508
1.631 7.783
1.945 1.242
6.611 5.057
7.349 6.149
8.381 6.706
8.088 2.562
7.931 7.798
1.046 6.580
2.876 5.385
5.461 7.182
5.145 0.283
6.039 1.994
7.273 5.328
2.987 6.342
9.448 3.888
8.254 8.899
0.427 3.720
4.163 0.145
3.039 0.610
4.804 4.827
0.145 9.534
0.616 7.055
6.126 0.352
2.258 0.096
0.185 1.813
9.827 5.956
2.329 6.995
6.977 2.989
4.503 7.916
8.747 8.076
9.537 0.502
4.462 9.552
2.479 8.188
6.860 5.467
6.960 5.692
4.849 1.727
4.575 3.314
8.126 8.382
7.840 3.896
7.760 9.851
3.262 2.412
7.100 6.555
6.139 1.623
6.008 2.252
5.883 4.934
6.687 0.392
0.696 3.182
7.241 8.300
1.476 5.399
4.688 3.316
0.998 8.773
5.350 6.298
3.606 1.885
5.686 8.923
8.398 2.227
1.217 3.032
0.270 7.133
7.576 7.353
2.906 5.612
0.095 3.607
3.287 7.069
9.901 0.571
6.831 8.346
0.834 3.560
8.220 5.225
4.790 6.333
9.741 1.781
8.048 6.029
5.511 6.810
2.168 7.464
4.313 7.722
3.590 6.507
4.183 8.925
7.215 4.389
9.726 3.631
1.456 9.718
9.579 9.196
3.431 3.422
3.594 1.053
0.398 5.431
7.117 7.445
9.711 6.563
5.609 0.053
3.648 6.462
0.436 4.094
8.409 8.174
8.089 7.640
0.307 9.294
9.420 2.655
2.063 3.358
1.448 4.001
1.760 2.410
0.182 2.151
2.287 1.749
4.670 6.143
4.304 0.129
6.210 2.926
9.654 8.218
3.588 1.589
4.963 0.028
5.789 2.860
0.032 7.490
6.999 7.978
8.920 5.671
1.072 6.862
7.845 6.542
0.658 2.547
1.222 6.862
8.192 8.030
9.709 9.416
0.348 0.948
5.951 9.763
5.234 7.018
4.506 5.678
5.066 9.323
0.542 4.416
3.897 5.492
8.259 6.504
0.566 7.203
7.755 2.398
0.754 1.174
9.814 6.834
9.192 0.330
1.791 4.293
2.140 6.693
7.175 3.870
9.380 4.182
9.507 6.710
2.956 6.600
5.319 2.789
8.585 0.010
8.391 6.087
7.249 2.943
6.562 1.322
2.606 2.262
4.482 3.547
1.021 5.820
3.092 5.078
7.938 1.499
7.151 7.531
5.668 8.246
2.176 0.137
6.809 4.714
1.414 5.690
7.339 7.002
8.237 1.639
1.328 9.645
3.937 1.876
5.331 0.776
9.934 4.719
2.348 3.060
1.226 3.753
3.013 8.192
2.316 5.659
0.031 3.977
6.133 8.141
4.785 2.158
7.345 7.725
0.571 6.395
1.994 3.004
9.471 6.180
6.011 1.008
0.872 9.408
4.967 3.484
5.474 1.897
6.748 4.898
9.089 3.521
2.444 4.265
2.960 9.903
0.948 4.435
9.485 4.028
4.469 9.223
2.398 7.525
4.147 6.617
7.043 1.127
3.422 1.637
6.960 8.146
5.278 5.064
9.110 6.352
3.814 1.686
2.510 1.422
0.848 6.396
4.032 9.667
0.090 6.825
3.937 2.344
0.960 1.683
9.560 0.071
8.570 0.764
7.611 0.836
3.273 8.274
1.464 3.284
5.052 8.171
6.128 3.804
6.676 7.217
7.932 4.219
3.010 0.214
5.751 5.017
1.123 7.170
4.583 3.415
7.788 1.278
3.902 3.064
5.474 3.769
1.037 5.820
0.533 7.674
2.973 2.341
5.468 5.176
5.237 6.157
0.334 6.704
5.428 9.952
6.372 4.198
7.819 5.157
7.106 4.136
7.094 4.519
7.454 5.765
1.446 1.454
9.910 2.969
8.731 5.733
8.783 2.367
7.642 8.787
7.768 7.904
7.624 3.673
5.434 8.432
4.703 0.021
6.819 0.216
1.746 1.472
0.455 6.781
5.692 0.677
0.810 6.402
0.053 3.550
3.878 3.243
5.844 8.233
8.746 3.654
5.427 6.907
4.622 7.582
7.927 0.264
0.714 8.631
9.441 6.589
1.711 4.649
5.095 7.551
3.812 2.660
0.553 7.441
9.230 9.477
3.546 7.416
8.199 1.501
4.738 5.660
1.172 2.205
9.969 4.487
6.938 6.004
4.051 8.031
1.693 7.748
3.940 7.368
7.506 6.288
5.734 8.938
8.524 5.117
4.457 6.722
4.329 5.016
2.614 9.671
7.597 4.189
2.372 6.524
2.575 5.726
2.881 0.807
5.853 1.129
4.451 0.558
0.477 3.875
9.802 6.008
5.116 9.975
1.265 1.873
2.790 9.425
4.192 7.233
0.040 5.338
2.639 6.956
4.174 9.444
6.433 7.696
3.245 0.344
5.476 7.035
2.812 0.519
4.589 6.981
2.266 5.610
2.457 8.384
5.827 5.930
6.210 9.378
2.787 1.387
0.921 3.991
0.164 2.694
0.514 5.824
5.362 2.409
9.896 3.963
7.966 9.420
8.598 7.153
9.856 6.710
5.889 2.348
8.575 1.893
5.301 1.898
5.534 7.744
4.308 7.692
7.537 0.534
4.243 4.357
0.458 9.416
7.577 3.049
4.102 3.324
0.833 3.432
0.603 5.097
1.278 6.738
0.779 3.115
8.053 3.305
8.809 7.238
7.354 4.511
2.597 2.516
5.625 7.320
3.059 2.310
2.226 4.211
9.872 5.556
1.373 5.451
2.876 0.169
4.149 8.151
7.842 3.487
3.932 8.560
4.023 7.091
1.860 5.510
5.673 1.475
0.419 6.803
2.448 0.127
2.509 3.963
0.003 4.858
4.148 6.717
9.934 6.524
7.911 3.870
8.123 8.336
6.613 3.315
3.224 6.484
0.525 8.419
1.497 0.392
6.648 0.008
4.943 9.935
9.815 4.057
9.185 4.957
5.592 8.167
7.894 7.254
3.837 1.235
1.592 3.257
0.756 6.233
8.641 4.664
6.885 8.498
7.408 7.086
9.177 2.246
6.997 5.498
4.495 2.795
4.380 4.692
0.429 3.941
9.611 1.280
6.338 9.492
4.801 1.796
9.323 9.517
9.602 0.247
6.120 0.835
3.761 9.427
8.968 0.510
3.100 3.241
8.495 1.657
6.544 0.381
3.953 8.365
1.098 5.527
3.793 2.459
0.773 2.578
6.151 3.951
2.401 0.631
4.137 1.462
0.006 0.213
0.117 5.661
5.200 8.370
1.493 8.860
3.627 3.258
7.577 9.545
2.734 5.845
9.756 7.354
1.739 4.563
1.032 1.953
7.255 4.097
5.030 0.110
6.015 8.105
4.220 5.076
2.990 7.706
3.929 0.990
1.118 7.681
7.240 7.031
7.747 6.269
6.868 0.002
5.381 5.120
7.139 5.223
2.467 2.060
9.486 8.300
7.860 3.884
7.979 8.402
7.468 9.238
1.263 6.563
2.462 0.780
7.777 9.627
2.227 6.889
2.940 7.989
3.612 5.377
4.417 7.657
3.151 3.881
1.378 2.533
4.222 1.679
0.185 3.528
4.925 1.979
3.963 0.865
8.992 0.367
2.710 8.626
7.853 4.834
2.803 5.712
2.993 4.118
0.422 2.047
1.321 1.074
6.923 1.105
8.343 5.943
7.457 4.574
2.181 8.149
0.174 3.854
3.655 4.519
8.086 8.184
0.029 3.621
4.299 5.230
8.626 4.026
4.984 3.999
3.711 7.691
6.712 4.618
6.028 5.476
2.884 5.095
9.661 8.960
10.000 2.922
1.135 8.907
2.149 5.134
3.943 5.892
4.078 8.882
0.887 4.218
4.085 1.605
5.921 7.248
0.456 9.389
3.757 2.325
3.397 0.743
8.734 7.563
0.422 2.440
6.163 6.139
5.059 2.160
6.240 9.419
0.720 7.469
3.820 2.912
7.823 8.443
7.124 9.820
2.465 1.307
7.210 0.953
4.405 1.532
0.255 5.870
1.629 3.614
4.184 5.787
9.998 2.519
2.848 7.519
5.907 3.012
8.709 6.564
4.326 4.763
7.813 0.722
0.040 1.689
8.173 1.291
0.038 5.375
2.732 2.346
7.222 3.976
3.458 9.955
1.014 7.752
0.933 2.410
0.866 5.342
7.004 9.859
4.544 6.389
1.598 8.059
7.959 0.135
4.225 9.355
2.262 2.882
0.491 5.732
1.285 3.527
9.981 6.046
0.789 2.677
4.492 9.861
3.352 9.844
9.234 5.979
5.716 6.613
3.482 1.310
7.837 6.444
3.984 3.069
1.172 1.396
2.966 6.921
9.391 9.244
2.903 7.696
1.732 6.575
4.995 5.178
4.231 2.312
5.882 9.741
8.005 0.305
4.722 6.748
2.912 8.955
9.428 4.931
8.230 4.059
5.973 8.427
8.507 9.742
2.848 1.153
1.782 4.986
8.384 9.458
6.181 8.193
9.256 1.046
4.937 9.293
8.051 7.682
2.813 2.823
1.654 8.525
0.102 1.521
9.374 5.842
5.035 5.061
2.189 0.055
1.015 3.313
7.155 0.484
0.689 7.324
0.939 5.200
1.118 2.569
1.180 5.428
8.350 1.955
7.862 7.883
5.256 0.774
3.377 9.344
8.759 6.308
4.828 2.588
3.116 1.533
7.275 1.557
7.869 8.275
1.144 6.416
9.867 0.631
6.917 6.275
7.338 1.126
6.059 0.001
5.441 1.699
2.975 1.447
3.102 4.489
4.667 1.249
5.593 0.032
3.958 9.848
3.516 2.165
2.717 0.114
7.647 4.465
6.373 6.485
7.328 0.974
0.037 5.680
6.716 2.959
2.690 6.147
9.039 8.115
7.161 1.153
1.514 8.523
9.004 0.253
6.365 2.351
9.851 2.879
1.626 6.326
4.010 9.380
1.594 8.256
9.644 6.351
5.176 0.982
8.910 0.570
3.608 3.058
7.250 9.270
5.898 0.690
3.911 4.056
6.446 4.748
2.808 4.784
1.539 8.564
4.805 5.258
4.134 5.668
2.581 0.465
1.436 4.822
7.857 9.729
1.130 0.800
7.785 3.497
7.274 5.727
4.836 1.048
3.372 3.428
2.706 9.746
6.253 7.572
0.201 0.293
1.234 6.194
3.100 0.262
3.349 0.311
3.530 6.060
5.806 5.962
5.747 4.469
8.921 0.066
9.834 9.390
6.918 6.431
6.331 1.112
2.949 5.190
6.804 4.599
5.082 5.900
4.528 0.328
9.876 8.064
8.049 1.683
2.027 4.733
3.899 5.339
6.649 1.505
1.835 8.707
6.305 9.472
2.786 8.066
4.892 4.838
9.740 2.601
5.689 8.068
6.133 7.955
5.108 9.564
2.563 0.053
2.018 7.105
4.685 5.097
7.669 2.649
1.161 9.156
6.362 6.607
5.617 5.106
9.831 7.283
0.060 7.046
4.683 7.167
4.031 5.006
9.291 7.574
9.695 5.064
6.860 0.752
1.296 7.639
5.712 4.882
4.769 7.154
4.799 5.537
6.337 6.308
7.698 6.240
2.074 5.067
2.817 4.131
6.011 9.998
6.101 1.305
4.161 3.793
8.634 8.036
2.369 9.633
0.364 2.754
9.724 5.704
5.255 2.848
4.331 6.019
0.287 6.165
7.516 8.625
6.097 9.433
3.373 1.263
6.572 1.718
1.800 8.667
4.388 3.544
2.375 1.821
7.097 8.141
1.343 9.886
2.982 2.224
1.387 2.970
9.336 6.847
5.597 1.205
3.693 6.098
2.955 2.372
4.831 7.122
7.957 9.238
6.748 6.557
9.924 7.396
1.844 0.918
5.897 9.789
6.956 8.156
7.660 3.081
8.979 6.572
7.136 3.141
2.905 7.344
7.033 7.856
9.660 4.144
2.962 4.365
9.178 8.329
9.526 1.111
5.986 9.557
5.544 7.510
1.422 5.334
6.830 2.938
2.095 6.021
8.420 7.092
4.633 0.838
9.525 7.493
7.478 1.688
9.882 8.468
1.084 4.698
8.802 5.762
2.805 1.370
4.402 9.422
9.829 9.218
4.503 3.299
9.979 4.431
4.222 6.678
5.188 7.238
8.131 6.412
2.479 9.911
8.434 9.310
5.587 0.730
5.414 4.539
6.642 5.069
9.745 9.730
3.826 3.900
6.216 6.910
0.882 9.464
4.268 4.243
9.222 3.354
8.959 4.112
3.651 6.550
2.832 3.454
1.505 5.849
8.469 1.046
4.806 3.910
7.314 9.523
2.747 5.527
7.314 3.591
1.337 9.070
4.129 2.617
3.513 3.669
9.232 3.419
6.508 2.628
6.967 3.088
5.468 2.621
9.554 6.892
7.901 1.431
8.706 1.428
8.645 4.287
7.870 3.540
5.283 3.341
4.604 3.200
7.010 3.790
8.236 0.704
0.275 1.245
4.372 0.658
5.780 4.790
7.701 0.651
0.809 6.744
0.055 3.870
8.132 9.217
2.458 2.341
4.020 5.591
2.952 6.732
3.235 6.040
1.528 1.272
5.162 7.318
1.339 1.536
7.134 4.216
9.277 7.351
8.174 0.549
1.358 0.620
4.413 3.560
0.995 9.532
3.438 2.606
8.016 1.337
9.422 7.448
3.147 8.724
1.002 0.652
1.746 1.512
5.707 1.554
0.577 7.949
0.714 9.973
2.391 1.769
5.023 4.555
3.896 0.503
0.525 7.712
7.965 9.865
6.872 1.324
0.859 0.469
7.004 2.023
4.308 9.322
8.458 2.081
8.743 9.625
0.118 5.343
1.043 2.907
5.578 1.595
5.625 3.122
6.330 1.799
4.567 6.040
7.752 5.287
3.711 5.586
2.584 2.907
2.953 1.304
3.987 4.878
6.928 5.976
5.533 9.871
9.274 1.877
8.244 5.618
3.797 3.440
0.828 4.350
1.412 3.442
1.256 7.082
2.535 8.778
1.079 2.697
1.844 8.309
6.789 7.112
6.735 7.374
6.880 3.298
1.085 0.228
2.888 1.395
3.881 3.877
1.321 0.386
6.237 2.992
6.142 7.221
4.007 9.948
1.167 8.109
8.638 4.379
2.502 1.285
6.742 1.175
6.737 5.204
3.136 2.243
2.414 0.501
7.030 4.801
3.142 3.202
2.973 5.518
8.924 7.926
5.475 6.903
0.123 8.000
0.615 7.466
6.070 4.046
5.586 9.520
5.984 4.539
5.635 1.901
5.986 5.841
4.717 9.883
3.811 2.370
3.565 6.100
6.788 8.010
3.433 3.043
6.339 5.412
5.539 2.892
5.213 9.845
7.443 6.146
5.479 1.719
9.325 6.409
3.530 2.419
5.730 4.445
9.560 1.917
6.500 0.842
3.010 8.519
1.747 0.548
7.335 0.640
0.112 9.276
0.062 0.551
9.809 0.508
4.117 4.785
2.409 2.131
8.145 5.828
7.425 2.305
8.470 4.738
6.735 1.265
9.419 4.774
3.850 8.936
0.301 0.810
2.957 5.051
4.264 6.518
5.388 8.177
0.060 1.884
0.534 0.826
0.726 2.349
7.266 6.704
5.979 9.919
7.846 1.973
9.515 8.194
6.319 8.376
7.807 4.691
6.330 9.345
1.579 8.236
3.004 0.880
5.248 0.512
8.205 3.017
3.421 3.488
7.669 7.942
6.564 0.890
3.933 4.497
4.443 2.375
6.300 7.497
4.800 0.812
8.644 6.510
4.175 3.045
5.934 9.651
5.375 9.933
8.262 6.250
3.565 9.302
3.118 9.494
6.953 0.382
5.576 4.062
6.513 1.443
0.543 6.234
2.035 6.005
7.658 5.772
3.314 0.418
0.472 8.430
6.178 1.305
7.905 9.000
4.578 9.625
8.693 3.332
7.005 9.427
9.994 5.136
0.884 9.972
9.373 9.925
2.592 4.875
9.971 7.899
0.340 6.446
9.717 2.049
2.318 8.938
7.299 0.608
3.518 5.691
0.968 6.574
8.468 0.265
9.911 9.211
8.089 8.326
4.383 3.287
4.363 3.929
8.419 5.102
3.113 2.120
6.394 9.506
0.190 7.895
2.030 6.118
8.242 8.706
7.562 0.854
9.093 9.371
3.791 1.426
4.893 4.595
2.102 1.164
1.409 1.982
1.658 9.409
6.330 8.653
4.433 4.214
4.351 0.697
5.331 3.106
2.215 3.403
0.983 6.535
8.196 1.937
0.942 1.675
6.895 9.432
1.801 0.459
0.738 3.253
6.177 9.796
2.232 4.399
2.713 7.316
3.118 6.641
5.546 0.785
9.817 5.255
7.870 1.037
6.783 7.793
6.328 5.563
1.752 4.499
1.034 9.195
9.719 1.102
0.361 2.223
1.169 6.814
0.554 3.092
2.112 6.106
9.098 0.239
7.923 4.906
4.489 1.293
0.225 2.799
1.041 5.928
2.646 5.311
4.402 8.393
7.755 4.598
6.476 4.502
7.694 6.970
4.471 0.162
6.723 1.509
4.209 4.028
8.739 4.565
3.695 4.493
1.543 7.480
1.889 0.139
8.657 3.206
4.299 5.487
9.038 0.813
2.412 0.543
5.896 9.992
5.084 1.239
2.608 0.891
0.577 1.266
4.847 7.192
4.006 0.472
3.327 3.869
9.924 1.071
2.053 8.891
0.172 0.103
7.464 3.683
7.611 1.004
7.382 0.274
8.459 6.971
8.612 6.845
5.189 7.949
1.732 1.378
1.796 8.173
7.750 1.251
0.772 7.881
5.887 7.247
3.987 4.701
4.385 8.393
1.914 8.724
5.852 3.042
7.872 2.838
9.166 0.753
5.330 6.796
0.898 3.443
1.234 5.675
4.387 6.837
1.173 6.203
7.631 1.081
2.807 1.257
7.266 2.986
2.351 4.599
4.614 5.980
4.257 8.916
3.009 9.094
3.235 6.929
1.475 0.576
3.989 3.213
7.054 3.313
9.818 0.751
7.576 4.471
0.362 1.661
3.879 3.804
8.527 1.053
4.456 2.808
3.909 8.547
4.003 6.728
6.376 6.706
1.531 0.406
2.006 4.761
7.311 7.705
9.905 2.669
6.796 3.578
8.594 5.735
8.965 7.270
3.459 4.865
7.212 6.208
3.673 5.314
7.773 2.797
8.899 1.473
9.725 0.319
4.924 8.306
6.031 4.025
5.657 3.124
4.906 9.665
7.035 1.496
4.639 0.275
2.052 4.785
4.605 5.293
5.312 0.502
2.904 5.408
5.990 8.064
0.455 5.065
2.672 1.194
6.732 1.458
5.899 2.071
3.377 5.149
4.532 5.447
0.578 6.754
0.511 4.285
4.787 0.466
8.684 1.466
9.072 6.253
1.651 3.378
8.465 7.523
4.218 2.747
3.556 3.966
1.286 2.849
6.801 7.204
9.176 6.670
5.182 0.663
4.365 6.053
3.777 5.759
2.612 9.383
8.278 0.981
7.342 4.548
8.535 4.323
6.856 9.608
7.160 1.013
0.105 8.604
5.964 1.769
4.131 3.788
4.911 5.306
3.043 7.254
2.482 1.159
0.105 3.261
2.473 4.309
1.176 5.586
3.249 7.398
0.877 2.064
0.739 3.073
4.907 2.744
1.348 8.407
0.743 5.415
4.745 5.946
4.821 0.307
7.714 2.296
0.400 5.654
0.269 3.413
2.080 5.133
0.814 3.080
1.485 2.014
0.149 8.926
2.104 4.643
4.880 4.117
8.299 5.960
0.458 1.109
2.039 1.130
5.381 2.762
0.095 8.665
1.047 0.292
4.739 5.095
5.904 5.363
5.412 8.221
8.994 7.069
5.249 1.448
3.565 7.430
3.580 0.519
7.054 4.116
2.128 2.058
4.750 3.229
0.028 4.237
9.642 1.489
3.987 8.156
5.140 8.045
3.410 1.598
3.892 4.242
9.487 3.409
8.368 1.888
7.833 6.009
7.533 3.431
6.982 1.405
3.980 1.504
2.180 2.853
3.090 3.698
0.846 0.690
0.692 1.855
5.087 5.775
5.813 0.136
4.564 1.097
8.123 4.103
1.699 4.607
0.213 5.918
8.741 7.321
3.587 4.829
5.830 2.953
9.357 0.529
8.919 5.699
9.815 0.916
5.449 2.899
3.131 2.470
7.591 3.338
9.894 5.830
7.940 4.797
4.535 6.297
5.750 5.721
9.260 0.011
0.031 3.507
3.828 8.313
6.711 1.103
4.679 7.812
7.596 7.431
2.374 8.351
9.195 6.552
5.112 0.862
0.878 4.785
9.921 9.547
5.390 0.339
6.091 9.346
0.560 8.181
4.169 7.265
9.589 0.938
0.979 3.101
1.007 7.548
5.526 8.681
3.359 4.526
0.722 7.101
5.314 6.800
3.806 3.886
3.601 0.394
4.684 7.993
2.087 4.828
3.392 1.538
7.740 2.530
2.892 2.221
7.983 1.892
5.238 7.446
7.851 9.627
9.196 5.587
6.985 4.802
1.976 4.738
5.990 2.888
9.555 9.924
4.577 0.927
2.459 9.162
3.541 9.449
4.021 7.833
7.514 5.012
8.994 2.109
4.902 2.816
8.490 3.794
0.883 8.097
0.776 2.024
0.297 7.725
2.238 8.486
3.853 2.745
2.549 4.212
7.405 2.719
1.802 3.733
9.456 1.186
7.760 8.820
8.768 5.365
6.358 8.195
4.185 8.225
3.228 8.458
3.496 1.474
4.583 4.729
0.100 1.860
2.996 2.785
8.451 0.206
5.740 4.546
0.585 6.062
6.453 8.279
5.218 0.377
3.236 8.743
8.864 6.245
5.670 8.025
0.663 2.964
6.934 3.641
8.391 1.440
2.756 7.749
1.241 5.639
1.727 9.394
3.987 6.089
1.221 4.479
1.192 8.075
1.772 0.669
5.541 2.534
0.713 1.308
3.544 2.655
1.997 3.340
7.625 6.481
8.372 3.358
0.935 8.224
3.582 3.285
7.124 3.385
8.939 4.197
1.722 4.627
1.746 1.081
3.725 3.221
0.526 1.297
5.497 0.908
8.631 6.443
2.990 1.286
7.012 0.402
2.178 8.548
9.704 9.553
9.782 1.483
9.344 4.984
5.337 4.827
1.576 4.371
7.025 3.298
8.701 3.877
1.675 9.941
5.573 8.624
7.379 7.349
9.057 3.854
7.626 4.846
6.452 8.612
1.641 5.276
6.983 5.690
9.919 0.928
3.045 7.264
2.521 5.531
1.940 6.670
6.538 9.127
1.150 2.860
0.964 4.387
9.420 3.685
0.011 3.636
5.052 4.354
9.911 5.663
8.581 3.570
0.968 9.227
3.002 6.616
6.283 1.675
9.885 5.467
3.116 4.411
9.834 5.727
6.997 6.899
4.025 3.541
7.666 9.448
6.807 6.551
1.475 2.254
4.191 3.015
3.908 7.880
1.257 4.886
6.751 7.948
1.379 1.601
3.729 1.984
1.882 7.678
0.069 0.504
2.387 7.945
7.301 2.179
3.155 8.220
4.607 8.565
0.065 6.649
4.512 2.226
2.285 5.230
7.287 2.114
8.393 1.330
9.837 7.286
1.386 7.939
3.370 6.867
8.980 9.064
5.242 4.987
0.751 4.929
8.175 8.584
0.513 3.596
7.314 6.486
0.595 2.237
0.191 6.983
9.195 8.061
1.226 2.810
2.490 8.735
1.784 3.074
2.296 3.320
3.574 5.497
7.807 2.792
8.474 2.289
3.534 8.678
1.592 0.971
3.867 0.674
5.847 8.608
9.340 9.331
1.735 2.043
3.348 0.659
3.546 8.418
9.548 9.027
7.323 6.037
7.156 7.377
4.401 4.569
9.610 0.038
7.055 0.834
1.554 5.038
3.571 1.085
0.035 3.772
5.305 2.779
8.070 5.302
6.402 8.819
7.071 3.329
7.118 3.720
5.593 7.748
5.765 3.445
4.962 3.482
6.814 5.619
8.100 7.581
4.850 8.277
5.848 2.886
9.097 0.594
3.845 8.942
8.757 2.298
6.526 9.965
7.166 7.161
2.854 8.947
8.666 4.438
8.205 0.893
5.024 4.464
4.471 9.342
1.426 2.147
3.685 6.498
7.070 9.713
1.171 9.058
9.712 4.205
0.929 6.572
1.280 3.832
2.303 5.355
3.484 0.639
2.919 1.181
5.594 9.625
2.925 2.816
0.589 9.024
9.119 8.153
1.855 7.166
8.573 8.919
5.928 5.598
0.576 0.500
4.314 9.705
1.426 8.150
3.061 9.391
2.574 5.750
9.808 2.918
6.386 5.116
3.208 1.427
1.235 1.776
1.098 0.430
0.868 3.837
9.355 8.088
7.011 0.819
8.106 2.998
8.594 4.428
4.057 4.089
6.522 9.740
3.232 6.351
9.724 4.678
3.378 6.647
8.527 8.955
7.899 1.328
6.187 8.286
7.190 1.722
8.257 0.363
2.106 2.913
7.309 2.122
3.516 0.970
4.874 4.545
0.211 2.434
8.799 1.258
2.033 0.619
1.981 5.914
5.174 5.924
0.050 3.669
4.734 1.640
1.204 4.272
5.662 8.300
5.752 2.565
1.842 2.712
5.199 6.378
8.902 2.485
7.255 5.975
0.901 9.829
6.629 7.723
6.973 4.644
2.702 7.963
1.641 9.529
8.434 2.133
1.801 6.729
2.067 4.477
3.079 0.726
7.477 9.441
1.225 5.073
7.095 8.970
5.285 8.880
8.774 9.334
5.203 7.795
7.206 5.539
2.279 5.711
6.959 1.759
3.389 3.081
9.442 7.378
6.988 3.299
3.371 1.983
6.266 2.259
1.580 9.924
4.717 5.505
4.931 7.864
2.402 4.778
3.850 6.038
6.866 6.284
7.476 1.924
2.394 7.393
9.536 5.550
1.230 0.570
9.925 6.073
6.403 2.995
6.318 1.809
8.281 0.574
7.033 9.865
6.998 3.636
5.907 4.936
1.684 8.347
2.674 7.139
4.692 6.969
2.354 5.344
6.627 3.246
7.234 5.335
3.726 5.014
7.426 2.732
0.509 0.462
2.272 1.931
2.039 9.445
3.484 0.048
3.120 3.582
0.192 2.213
8.576 8.489
9.221 4.296
3.473 4.276
9.325 6.202
8.155 5.144
4.830 5.875
7.022 3.591
7.107 7.963
5.686 9.008
2.170 2.157
1.987 0.121
0.806 0.355
7.993 4.543
9.009 4.590
3.136 8.618
0.207 2.632
4.152 0.833
6.346 0.021
5.291 8.123
3.324 7.400
0.880 9.017
4.086 6.750
9.165 6.558
0.788 4.074
0.874 5.254
5.636 6.810
9.105 5.971
2.952 1.903
2.006 1.687
2.343 2.514
4.077 5.578
0.655 5.593
2.137 9.199
1.787 4.080
9.187 3.201
2.431 4.557
1.846 4.955
4.893 9.338
7.776 6.279
0.944 2.477
5.041 1.246
8.073 2.167
0.240 8.409
9.289 2.016
2.814 9.470
2.328 1.900
8.418 7.706
0.529 2.575
4.715 9.143
0.446 1.783
6.184 7.645
0.935 9.790
3.485 4.814
2.480 8.481
8.777 4.099
8.800 5.643
0.894 8.204
2.003 6.398
5.180 1.973
1.796 2.370
2.440 0.037
4.931 8.840
3.228 3.646
7.094 6.929
1.174 4.486
4.161 0.739
4.221 2.541
6.044 8.481
8.664 9.823
9.406 8.563
7.372 8.607
9.664 3.863
8.454 0.063
0.852 4.817
2.467 7.620
9.804 1.277
0.640 4.116
4.060 7.746
9.168 7.910
7.740 3.931
3.989 9.625
5.210 4.065
3.102 5.203
9.423 1.565
0.474 5.741
9.113 4.917
0.903 4.471
8.957 8.787
5.457 5.604
2.910 7.929
4.432 7.302
5.558 8.328
1.607 9.009
3.626 8.227
4.793 0.739
1.374 7.810
2.001 1.121
0.552 6.947
9.769 2.707
4.650 3.226
9.161 0.400
6.218 8.933
3.898 0.521
0.202 6.244
7.278 1.399
6.814 6.691
7.275 6.695
0.171 9.632
1.560 5.717
8.037 3.036
1.916 7.333
4.997 7.605
3.726 8.136
5.414 0.075
3.712 7.798
4.054 4.560
4.079 5.126
3.489 8.082
5.582 9.734
9.363 3.490
4.473 7.653
6.729 7.041
5.635 1.735
2.122 5.114
0.596 3.350
3.097 7.002
0.709 9.844
6.489 6.844
0.834 9.704
1.528 1.628
1.061 5.487
6.349 2.417
6.937 2.492
1.000 2.108
4.013 1.471
0.788 7.192
0.446 0.141
1.792 5.414
7.880 8.564
4.526 4.651
7.883 7.399
4.042 4.693
3.626 9.758
0.999 4.278
5.459 6.147
2.905 0.066
5.914 2.578
0.786 1.428
7.594 5.511
4.647 0.268
0.306 7.687
0.761 2.433
3.217 7.825
4.137 5.872
6.084 3.509
5.538 8.047
8.288 1.967
0.530 4.825
1.794 3.232
8.534 4.230
0.714 8.480
4.804 8.873
6.189 9.473
1.127 2.749
7.589 0.320
7.284 0.227
8.752 5.721
3.182 8.927
1.586 8.746
6.363 4.133
6.409 7.161
7.764 5.017
1.954 3.841
7.824 9.809
0.906 9.055
4.304 3.031
8.980 1.734
8.822 0.933
1.983 8.141
3.744 3.494
6.306 1.413
3.724 6.255
7.924 2.503
5.299 6.318
1.471 9.818
3.475 4.878
5.227 9.582
6.868 3.084
7.016 2.920
0.512 9.776
2.671 1.077
1.904 1.569
7.903 1.466
0.489 7.029
2.699 1.337
2.789 6.612
6.860 6.442
7.845 5.300
5.251 5.273
2.958 5.923
9.034 8.385
8.686 6.283
8.231 6.704
3.954 8.725
1.757 1.049
4.073 4.011
4.522 6.863
9.817 5.841
2.257 8.705
6.918 0.663
0.614 9.562
0.273 9.419
7.296 6.073
3.005 2.473
2.442 0.461
5.930 5.258
2.263 2.083
6.592 3.254
0.936 2.968
8.527 1.100
0.780 9.301
2.205 2.541
0.686 9.239
8.362 7.943
8.720 6.292
8.914 6.170
8.710 3.678
8.887 8.673
0.259 4.446
9.827 5.520
9.755 7.033
5.178 3.168
4.292 4.038
0.706 8.267
9.859 2.674
6.139 2.507
5.966 7.724
9.263 1.738
6.473 2.772
4.618 7.547
6.192 7.488
4.874 3.565
1.435 0.397
9.764 7.247
6.626 8.247
9.992 8.990
7.375 0.737
2.542 7.772
7.298 5.182
1.729 0.142
8.936 9.962
7.064 4.668
6.496 2.088
6.391 9.793
1.007 0.397
0.157 1.283
7.139 2.247
5.558 3.795
9.903 6.409
6.298 5.686
2.189 0.571
4.547 1.299
9.763 7.897
6.181 7.522
7.127 9.163
7.163 1.187
2.109 7.526
4.386 6.463
1.945 3.830
5.381 5.836
0.250 0.395
8.389 5.819
5.398 4.471
4.908 9.061
3.287 7.771
2.892 0.320
6.466 9.098
1.624 0.917
7.418 9.421
5.771 7.508
7.942 8.287
8.890 1.667
4.500 8.478
0.554 1.127
6.975 9.088
2.192 5.378
4.577 3.530
9.161 8.321
2.448 2.789
5.512 1.629
3.526 3.854
2.692 8.169
6.707 2.857
1.401 8.621
4.435 3.320
5.866 6.037
4.893 8.971
9.380 4.840
7.164 4.040
0.849 8.345
9.587 2.282
3.626 8.370
5.968 5.193
8.758 0.118
8.714 1.882
7.867 1.631
3.789 1.418
3.544 6.094
4.420 2.383
3.453 9.650
5.866 0.986
0.504 6.088
3.807 9.560
5.120 7.531
9.331 5.479
5.130 2.214
7.117 5.483
7.469 8.300
3.423 3.681
2.020 6.414
5.659 7.540
6.715 3.244
6.108 0.053
9.500 3.267
8.513 0.152
4.460 5.019
4.319 3.042
4.991 6.960
3.984 8.339
6.226 7.428
8.463 9.644
4.229 8.024
4.312 9.470
5.059 1.137
3.797 1.080
4.642 0.212
5.563 1.202
5.591 1.687
5.574 7.161
7.698 2.743
0.656 9.220
9.550 0.165
9.271 0.845
5.340 6.807
5.510 0.534
4.099 3.724
3.057 3.113
3.221 2.283
5.105 9.818
3.373 3.051
2.130 2.096
6.208 2.806
2.990 1.001
6.975 0.198
0.434 3.108
1.014 1.002
8.720 4.486
0.737 8.216
6.384 9.756
2.739 2.057
2.785 5.720
6.220 5.212
2.460 2.656
1.061 7.998
0.811 5.778
6.244 8.948
6.349 5.865
0.059 4.226
2.684 1.155
1.830 1.291
9.645 1.210
7.625 4.155
6.057 5.443
8.776 0.553
4.081 6.366
5.526 2.896
7.313 2.412
8.495 3.366
6.736 0.555
6.884 1.567
3.807 0.171
1.938 9.788
7.741 4.650
9.011 6.707
0.535 3.941
4.449 4.032
1.879 1.604
8.165 0.414
8.065 3.728
5.622 3.202
0.425 0.498
9.067 6.281
2.014 0.514
9.601 9.087
6.654 3.340
0.383 8.206
5.319 5.547
3.988 7.466
3.962 9.293
0.452 7.884
0.798 3.707
0.443 9.253
8.275 6.015
2.324 1.624
4.177 2.856
0.125 5.775
5.019 1.679
7.771 9.186
2.607 9.305
3.160 7.450
6.639 7.161
0.311 1.419
5.054 1.638
7.935 7.707
0.474 0.833
0.304 1.501
4.799 6.545
6.872 3.240
8.436 8.431
6.337 9.835
5.871 5.264
1.368 9.264
8.552 6.905
3.455 4.140
9.238 5.303
2.129 4.588
3.487 6.974
6.159 6.702
9.451 0.532
6.056 7.783
0.912 6.173
9.825 4.977
4.170 5.845
9.752 3.920
6.355 3.824
1.531 3.506
5.634 2.448
0.898 8.768
6.336 7.601
0.138 5.626
5.029 3.815
9.210 7.827
7.999 5.542
2.740 2.673
9.182 4.963
1.819 6.063
4.728 7.695
7.117 8.723
7.752 0.385
4.901 5.987
6.057 3.389
9.489 5.494
5.830 9.237
9.044 1.753
2.502 3.177
3.751 2.082
6.019 0.084
8.271 8.435
3.431 3.893
0.362 3.122
4.365 2.639
0.865 6.377
2.498 5.301
8.782 4.145
3.469 3.603
4.392 7.443
7.877 7.322
0.258 4.000
4.231 9.678
6.262 9.594
8.457 7.736
4.969 2.910
8.737 6.773
8.359 1.295
4.458 9.339
4.670 4.306
1.031 8.327
6.245 1.455
6.973 9.311
3.676 2.505
2.584 0.542
9.377 3.225
1.054 6.251
0.374 9.018
9.883 5.959
5.947 8.213
1.435 8.344
3.438 2.163
4.665 6.848
4.841 1.962
0.329 1.411
0.899 0.523
3.723 2.946
6.284 0.445
2.189 2.167
8.804 0.756
1.468 9.815
9.219 7.455
0.598 3.005
7.321 8.110
5.444 5.487
3.377 8.789
6.514 5.206
0.458 5.712
0.888 5.566
4.972 4.875
0.928 4.979
5.828 3.713
7.103 7.412
9.836 4.424
0.476 0.920
7.313 1.517
9.278 8.641
0.333 4.832
8.796 2.229
2.081 0.094
7.574 5.239
5.684 8.572
9.718 0.679
5.663 8.424
0.594 4.152
7.523 3.879
5.577 5.685
0.601 9.698
1.273 7.117
1.416 3.358
3.310 1.021
3.859 7.550
0.928 0.979
4.290 8.282
0.321 1.957
9.673 0.063
1.170 4.039
7.247 0.400
2.936 9.610
6.420 2.796
6.612 1.552
3.022 8.883
9.073 8.043
5.328 9.589
8.565 3.350
3.390 4.936
0.821 3.020
2.447 4.203
8.007 8.265
3.684 1.740
9.374 3.459
1.336 1.552
1.682 0.878
3.693 1.635
0.194 4.400
9.952 0.602
6.887 7.635
8.136 8.471
4.760 6.713
7.856 1.250
6.738 3.285
1.985 9.915
1.517 4.847
5.069 8.538
3.679 0.585
2.109 0.222
3.767 3.531
8.311 1.053
5.489 0.110
8.918 6.195
6.482 7.885
0.932 6.012
7.711 2.541
3.736 0.396
3.227 8.135
5.524 2.799
3.806 8.917
7.080 5.588
3.888 8.593
8.657 8.333
6.373 1.600
2.086 5.412
9.518 0.610
2.784 9.396
3.181 8.078
6.984 7.108
1.811 3.127
4.992 0.869
2.567 8.653
3.946 3.432
7.148 2.966
5.084 0.140
5.686 1.317
8.980 9.639
8.086 4.319
3.019 0.221
4.503 1.666
9.336 2.747
3.737 2.535
3.499 8.594
0.301 4.342
9.578 1.625
4.269 9.528
8.015 3.307
6.981 7.921
4.790 1.393
9.680 4.661
4.461 0.351
6.790 9.996
7.979 0.985
6.488 9.844
2.956 4.587
9.823 3.934
0.857 5.724
6.486 8.540
7.139 1.101
9.212 8.945
6.009 8.124
2.924 2.512
5.216 3.306
6.706 1.418
1.544 8.877
0.005 7.451
6.458 9.772
0.907 1.292
9.673 8.354
9.769 0.892
8.128 6.680
8.716 1.339
9.560 7.673
2.241 8.241
7.753 8.591
7.872 3.736
1.786 0.880
3.049 7.401
5.977 3.650
6.418 5.813
2.377 1.910
6.468 4.739
8.769 0.249
9.523 1.058
6.008 0.124
1.777 9.357
0.069 2.339
0.352 6.702
2.189 7.312
8.109 1.139
1.610 0.707
5.452 4.515
0.267 2.800
6.413 9.885
4.086 0.622
0.816 6.953
4.233 2.852
9.999 3.071
4.626 1.292
0.438 7.556
2.305 9.243
7.056 9.735
5.396 0.730
3.528 8.342
9.351 7.207
3.172 9.870
0.826 5.298
1.990 2.098
2.927 1.711
7.707 3.713
3.879 6.090
1.092 5.855
4.777 6.993
3.649 9.054
4.750 7.288
6.037 9.484
7.672 2.729
0.020 9.052
6.487 1.361
7.047 0.216
9.684 1.371
4.518 2.534
1.814 4.322
9.098 7.780
5.883 1.262
4.688 9.700
8.679 5.304
0.374 7.846
8.118 8.235
6.360 7.969
0.468 0.188
5.788 9.580
9.126 4.443
3.250 1.731
7.639 0.578
1.454 0.454
5.185 4.816
6.644 4.304
4.310 3.067
1.359 2.222
2.346 0.455
6.131 3.493
5.763 8.587
3.769 2.678
9.301 0.467
8.725 9.730
5.214 3.605
2.005 5.723
9.003 8.974
3.216 9.829
6.764 5.777
3.781 2.179
3.552 5.781
0.066 9.674
8.042 3.784
9.528 0.803
0.147 1.521
6.811 3.689
6.079 5.847
3.235 4.001
5.219 3.802
2.300 3.721
6.439 1.633
4.141 9.003
9.430 9.683
6.320 4.982
6.561 5.672
5.645 4.027
0.431 2.128
3.740 9.071
9.323 4.858
6.068 2.727
0.452 6.398
3.294 9.912
8.043 5.218
8.487 9.102
7.081 3.372
0.420 6.823
6.254 5.572
0.014 4.912
7.726 6.130
1.738 3.351
1.471 1.714
0.882 0.317
0.560 2.585
9.977 1.007
5.141 7.843
9.992 9.342
2.940 6.416
1.223 9.170
5.081 1.359
6.901 1.170
1.171 7.787
5.903 6.376
1.082 6.681
5.988 1.188
2.780 7.995
1.248 4.327
1.147 4.407
6.836 0.622
1.815 2.872
7.278 7.640
7.573 7.444
9.153 8.660
3.378 7.266
3.364 5.428
0.072 0.934
5.051 0.150
0.140 4.818
6.448 5.872
2.645 2.756
1.246 4.983
2.454 7.174
9.862 4.818
0.756 0.874
6.343 9.205
7.851 6.042
8.832 6.955
8.762 5.655
6.888 2.643
9.703 2.316
3.545 7.279
2.677 8.701
0.726 1.933
5.570 0.478
4.578 6.499
1.622 3.744
8.909 9.372
4.775 5.657
6.078 2.524
5.958 2.450
4.586 7.674
3.533 7.773
7.273 5.165
1.765 0.841
8.044 3.680
2.160 9.620
8.116 2.161
2.520 5.500
6.179 0.235
7.478 1.549
9.501 1.181
9.106 5.057
2.356 2.028
9.834 4.943
4.701 2.106
3.937 1.577
4.312 3.761
9.391 2.208
7.113 1.553
7.453 2.800
6.017 0.386
5.693 7.428
2.048 9.325
4.584 8.939
2.042 0.765
5.292 7.558
4.300 3.821
4.257 4.197
0.807 9.367
8.157 0.920
8.140 9.042
3.393 9.826
4.772 9.696
1.312 6.514
5.848 9.719
7.103 3.791
3.501 1.147
5.576 5.811
2.384 3.010
9.761 1.172
9.687 1.485
8.766 1.307
6.877 1.881
5.643 5.101
2.581 8.028
8.992 8.918
9.061 5.173
6.257 0.275
4.848 5.378
8.750 8.564
6.716 0.598
2.037 8.923
8.112 2.154
0.256 9.595
1.824 5.262
7.396 2.591
4.218 7.150
6.278 3.972
6.403 8.546
9.083 6.987
9.750 1.743
6.089 6.938
7.307 7.015
6.057 9.890
0.142 6.418
4.685 7.603
1.132 3.494
6.736 7.423
0.248 7.232
7.441 4.358
8.774 6.475
6.785 4.671
8.877 5.554
0.761 4.914
6.553 7.669
2.373 5.274
3.537 9.377
9.910 6.303
4.620 5.239
0.116 9.166
6.878 8.125
7.858 0.721
4.533 1.807
1.652 6.665
4.206 7.978
3.617 8.102
8.761 2.994
9.274 2.655
3.907 3.592
3.946 0.996
0.150 0.308
2.230 5.387
1.617 0.589
7.012 9.139
0.382 0.851
9.160 1.344
6.940 2.369
0.316 5.679
6.579 7.831
2.557 9.355
4.756 2.878
9.450 6.630
2.216 6.773
7.099 1.112
4.771 1.247
2.997 4.320
8.013 7.745
4.539 3.313
5.557 0.196
8.798 4.917
2.971 0.285
1.931 5.821
0.306 0.555
1.882 7.694
2.217 1.810
9.240 2.847
3.593 4.496
5.518 4.283
1.101 5.418
6.929 9.832
9.920 9.986
4.951 1.596
3.582 6.916
7.730 6.686
2.566 0.913
9.194 6.886
5.164 6.218
2.185 5.313
1.892 2.389
9.752 8.239
7.679 6.263
5.081 5.749
6.417 1.212
5.822 2.681
3.396 4.771
2.899 2.158
0.017 4.338
4.545 4.666
5.591 5.822
8.426 0.361
8.175 4.335
0.186 6.165
3.310 9.464
9.135 7.050
1.116 8.720
4.999 0.420
2.572 9.658
8.847 0.799
2.866 7.608
8.470 3.332
7.009 2.180
6.123 3.876
9.784 4.060
2.971 5.910
3.652 6.500
3.871 5.910
1.501 9.208
8.439 3.186
3.115 5.107
9.106 9.110
9.592 3.896
7.060 1.602
9.635 6.332
4.832 7.686
7.227 3.001
5.760 4.740
5.165 4.886
1.537 0.360
1.781 8.087
8.932 9.209
1.844 7.589
6.971 4.401
1.520 3.969
9.045 9.609
2.551 3.190
2.936 5.867
4.616 4.751
7.858 9.601
0.075 6.406
1.735 9.696
0.080 8.375
3.539 8.357
9.621 0.581
7.021 1.332
9.508 4.767
0.309 0.858
7.048 0.572
6.603 7.734
8.617 9.105
0.523 0.558
5.991 9.802
6.091 0.689
3.886 0.424
5.393 7.075
1.040 0.640
8.292 7.425
8.149 7.892
1.592 0.343
0.814 8.412
1.718 1.322
0.244 6.310
3.543 5.662
6.722 8.168
2.032 0.347
6.410 7.826
2.141 4.640
2.252 2.672
8.405 3.133
3.235 9.959
2.880 6.026
7.310 1.466
3.996 7.467
0.009 2.720
9.849 0.322
7.249 2.205
5.162 0.682
0.333 4.162
4.147 7.091
3.157 0.760
7.520 2.511
8.649 0.245
8.594 0.852
2.816 5.466
8.410 0.025
6.009 3.104
5.941 2.163
5.460 5.535
3.828 2.047
2.410 9.335
7.732 1.844
3.419 9.435
7.906 5.226
5.602 3.286
0.748 3.205
1.160 3.086
3.198 6.489
2.992 9.765
2.464 5.066
5.450 7.288
3.951 4.953
6.995 6.883
0.758 1.352
0.823 8.099
0.872 8.967
9.101 4.280
8.015 9.579
5.139 7.935
1.418 5.821
3.724 9.586
6.343 7.722
3.258 5.951
3.306 0.796
6.108 3.081
5.777 8.109
0.072 3.470
7.004 4.122
1.111 5.258
4.097 6.850
1.149 3.614
1.547 1.450
2.171 4.303
3.235 0.815
9.956 3.807
9.412 3.816
2.585 5.009
7.350 3.159
3.811 3.521
3.288 6.482
7.019 0.677
6.469 1.586
6.579 2.635
2.991 4.830
7.811 7.043
4.721 3.486
6.781 3.753
0.886 9.524
7.927 9.895
5.040 2.227
4.559 0.224
1.212 4.621
1.733 9.590
3.075 1.169
7.534 8.486
7.388 4.122
4.321 2.616
1.730 2.914
9.826 1.211
2.690 0.587
2.569 6.164
4.286 3.320
8.272 8.260
5.560 9.026
6.384 0.157
8.527 4.835
9.929 8.323
5.757 2.036
2.177 9.047
0.495 6.507
5.947 4.677
4.501 7.641
5.898 9.025
3.366 5.782
8.674 1.956
9.215 1.057
6.049 5.795
5.655 9.695
5.809 4.559
6.602 1.761
4.952 2.234
7.604 0.431
6.011 1.352
3.489 3.923
2.292 0.321
4.068 7.884
2.349 8.655
7.388 5.022
5.430 8.502
5.348 5.718
0.558 0.255
1.592 8.881
8.496 5.150
9.266 4.678
4.182 8.758
0.693 1.358
9.103 4.153
9.262 0.569
7.031 4.329
1.935 3.916
6.657 7.360
6.490 4.602
5.162 7.210
2.765 2.144
9.337 2.417
3.605 6.752
0.603 9.169
6.243 5.571
9.883 6.098
2.024 2.591
6.055 1.765
3.709 5.559
1.119 2.083
9.635 2.741
6.101 9.168
1.301 6.192
6.487 8.809
1.293 5.775
0.686 8.049
9.297 3.317
5.295 1.730
6.827 7.787
2.338 9.790
8.791 7.978
2.635 9.308
3.056 2.444
2.900 9.130
5.611 7.413
9.979 7.830
8.692 3.536
6.020 1.393
1.401 9.632
1.263 0.999
1.486 4.047
7.938 4.433
7.456 1.544
9.032 9.411
9.980 9.231
6.808 6.561
2.018 4.159
1.415 5.503
9.858 6.796
2.777 6.595
4.821 7.329
3.640 4.147
1.544 9.386
8.210 9.860
3.889 3.645
3.384 8.656
8.180 8.080
1.628 6.053
3.442 5.788
9.990 4.839
8.277 9.852
3.779 2.250
8.143 4.320
7.256 5.360
0.817 1.959
1.417 9.893
0.254 7.269
6.625 0.150
0.083 8.228
0.627 8.903
4.685 0.176
4.137 7.547
0.241 1.222
6.381 8.063
8.223 5.782
4.655 2.098
8.692 0.617
0.592 0.074
7.809 1.811
6.560 4.705
1.523 9.144
6.352 4.270
1.391 8.422
8.034 4.826
7.690 5.536
5.069 6.505
8.292 1.291
0.291 8.523
4.497 2.465
5.190 6.226
2.846 4.308
0.848 1.335
9.735 5.507
2.528 7.961
4.730 4.927
4.070 3.325
6.797 8.248
4.681 8.584
0.630 7.601
6.933 3.490
3.315 4.988
2.896 5.312
9.682 4.584
7.811 2.684
6.480 8.400
6.425 1.442
4.223 1.276
7.654 6.232
9.594 8.058
7.273 0.093
7.168 6.073
2.118 1.913
0.705 1.000
7.546 5.704
0.089 1.467
4.047 6.653
6.832 5.034
8.569 5.893
3.376 0.284
2.232 9.811
1.293 3.245
2.285 7.799
3.559 9.782
6.969 0.942
1.058 2.773
7.996 7.432
6.148 8.900
7.296 2.209
8.001 5.066
6.939 6.581
1.868 0.349
9.111 9.364
7.632 2.801
2.996 0.592
5.466 4.990
2.549 2.874
4.303 8.973
0.102 3.962
0.422 1.903
5.622 4.197
7.178 7.216
3.070 7.722
6.751 4.084
5.551 4.765
6.675 0.430
4.556 2.690
5.312 7.468
3.478 0.199
3.565 8.490
5.332 8.456
9.043 5.858
3.237 4.715
5.303 9.444
3.178 2.188
0.813 9.234
0.692 7.682
5.973 3.658
1.207 8.231
9.497 6.533
3.827 6.583
2.611 8.775
9.170 0.643
4.048 5.438
6.729 3.452
6.885 0.498
8.300 4.541
4.910 8.230
7.178 9.076
9.206 2.774
1.419 2.940
4.363 5.702
8.229 8.868
6.805 8.726
9.470 8.010
6.748 3.616
6.498 0.813
7.905 1.209
0.070 1.144
2.135 9.483
0.221 3.418
2.565 8.243
1.412 2.964
9.281 5.183
6.470 8.760
8.112 5.381
2.199 4.459
8.986 1.769
1.749 8.851
7.401 1.078
8.736 7.178
4.858 0.073
7.227 7.479
6.030 6.987
4.029 3.370
4.402 3.499
6.744 4.534
7.711 9.809
4.456 1.943
3.297 7.444
7.369 6.645
0.360 6.901
6.462 0.550
7.242 8.802
2.223 1.101
1.587 9.591
1.685 0.385
0.167 6.996
8.878 0.653
2.796 5.115
2.615 0.111
2.479 0.702
7.167 1.874
5.588 1.851
0.661 6.153
2.286 5.125
7.758 2.995
9.411 5.407
9.844 5.903
0.465 5.856
9.747 0.521
9.053 6.210
3.750 8.374
8.915 5.490
0.153 6.756
8.762 8.324
7.158 4.654
8.379 0.733
0.887 8.537
8.762 0.441
9.757 5.025
0.847 8.214
9.755 0.610
3.673 9.274
3.764 9.996
1.311 2.513
4.099 5.870
9.596 5.986
1.876 3.727
7.917 9.584
5.856 5.807
1.936 0.426
8.653 7.652
0.863 7.298
2.136 3.904
4.685 4.960
6.310 3.700
4.832 1.559
2.296 9.045
7.090 2.962
0.207 9.228
1.408 7.434
0.381 0.770
9.367 2.205
6.404 1.502
8.542 1.147
4.269 7.453
7.901 6.932
3.095 4.305
9.916 1.701
6.492 3.685
2.352 3.199
8.372 5.499
7.093 3.460
2.108 3.521
1.469 7.376
5.214 8.110
5.087 1.748
8.676 4.526
3.884 1.763
5.788 8.038
6.353 9.237
2.392 3.464
0.570 3.915
8.679 5.007
8.797 5.802
0.814 2.810
8.395 7.715
8.804 9.442
0.305 4.481
7.178 5.013
3.678 7.179
2.525 9.283
3.550 5.550
8.891 7.394
7.263 0.737
7.972 5.884
2.938 5.806
6.539 1.406
4.798 3.029
8.766 1.293
5.933 2.071
1.984 9.233
4.400 1.801
1.003 3.904
3.008 2.943
3.955 8.025
9.644 4.827
2.339 9.251
0.408 2.259
9.482 1.605
5.805 7.694
4.911 7.667
9.880 1.737
6.886 1.143
2.336 6.495
0.564 6.997
4.963 9.684
1.325 2.274
1.771 9.648
2.295 2.607
6.744 5.601
1.435 8.545
3.575 0.478
0.854 6.280
4.996 3.806
4.569 0.487
8.678 6.194
4.989 2.947
0.825 3.264
2.030 5.672
6.955 3.594
0.481 4.379
3.485 1.615
0.700 5.226
5.526 4.328
5.247 5.166
9.985 4.103
1.942 3.389
4.361 1.011
1.210 8.442
2.180 0.314
4.459 9.536
0.497 9.672
0.137 2.308
9.355 6.037
9.140 8.435
8.876 1.476
8.430 5.244
3.251 1.241
6.956 6.835
4.287 6.092
4.140 6.579
5.592 2.969
5.248 3.186
6.822 6.184
3.487 9.972
5.764 0.962
8.457 6.650
6.211 8.443
4.560 6.740
6.371 6.242
7.748 7.392
0.904 7.565
9.849 6.374
6.697 4.891
1.715 4.644
2.237 5.696
3.971 2.057
8.271 0.479
8.386 8.246
1.721 5.759
4.888 0.339
5.343 3.898
9.981 3.924
9.379 2.452
2.929 7.333
8.646 6.510
7.020 0.591
8.811 7.526
4.568 1.592
2.985 8.693
4.573 1.412
6.093 0.035
5.297 2.691
9.259 5.865
3.564 0.139
3.149 2.474
5.089 0.635
1.671 3.076
2.250 3.831
1.709 2.816
8.025 0.349
8.918 5.902
5.427 9.421
6.629 3.478
5.324 6.993
2.487 3.568
8.019 3.201
4.400 4.108
0.370 2.056
1.700 9.825
7.539 7.659
0.812 1.918
8.224 6.374
0.675 1.815
9.392 7.910
7.105 0.803
7.666 6.890
9.194 6.955
2.711 7.807
2.675 7.357
5.667 5.812
4.232 1.324
8.990 7.413
2.185 8.022
4.842 6.292
4.922 5.153
4.497 9.771
6.220 5.798
8.154 8.263
4.373 4.306
5.337 7.368
8.901 0.307
9.856 0.830
6.147 6.910
8.375 7.356
6.619 6.144
9.949 2.953
6.040 1.087
9.563 8.617
7.250 0.150
7.436 2.871
5.239 4.372
8.696 0.117
2.108 0.292
8.443 4.027
7.251 4.375
6.259 5.994
5.571 5.649
8.906 3.416
8.578 8.663
6.804 4.306
9.209 4.829
9.447 1.083
3.773 4.511
4.821 1.024
5.477 2.997
8.727 3.480
0.772 0.955
6.166 7.572
0.343 4.949
6.738 1.470
7.060 2.734
3.561 6.574
3.086 6.844
7.298 9.867
1.820 5.755
8.135 7.892
8.520 4.164
5.780 6.311
5.706 9.091
4.954 6.907
9.135 5.983
7.549 0.195
2.310 8.971
3.140 0.487
2.925 4.100
2.161 4.777
8.674 1.933
3.541 0.845
8.714 9.023
8.496 7.560
2.295 8.674
2.598 1.597
2.526 4.909
9.084 8.186
7.208 9.904
4.124 9.654
1.998 4.302
4.297 2.971
9.533 9.156
4.116 0.796
4.421 7.010
2.708 3.052
9.131 3.554
0.967 3.849
2.661 7.632
8.558 6.092
6.453 2.805
9.781 8.741
8.656 3.630
2.195 0.852
6.472 4.452
5.434 4.233
3.487 9.285
6.147 6.232
7.358 3.874
3.446 2.369
5.100 2.620
7.733 9.241
7.297 7.526
9.805 7.832
1.915 4.846
2.390 6.137
7.463 8.030
5.641 3.278
5.834 7.610
5.174 0.864
2.304 8.142
7.949 3.811
2.667 9.816
6.751 6.632
3.723 8.182
1.232 2.035
2.632 1.435
7.181 4.868
1.563 2.872
3.911 8.277
6.376 0.115
7.057 0.801
0.856 7.842
8.275 4.610
6.641 0.776
7.577 4.430
3.764 1.295
7.784 4.922
3.541 3.077
7.132 6.387
8.444 0.234
5.441 3.129
7.400 7.833
7.951 9.870
9.066 4.516
5.047 3.213
9.628 3.657
2.274 3.224
4.782 0.046
7.599 1.573
9.411 0.166
0.457 6.911
4.037 0.067
2.347 5.001
7.992 4.126
0.511 2.952
9.378 8.052
2.706 6.176
2.586 7.674
9.499 8.005
4.318 5.696
2.853 9.956
9.218 0.114
7.170 7.107
0.706 7.553
5.687 3.559
4.238 2.100
9.854 3.591
9.370 9.964
6.365 8.171
4.456 5.511
9.301 1.824
6.119 0.692
7.638 4.234
4.177 7.526
9.748 2.873
5.325 3.957
3.144 1.267
3.578 9.931
2.635 4.203
3.005 9.142
1.474 2.177
8.388 9.237
2.804 8.274
5.597 5.291
8.803 1.417
1.522 1.734
2.364 3.471
5.903 3.722
3.616 8.265
2.268 5.913
4.609 3.120
5.820 2.417
0.252 8.347
5.796 7.747
5.041 0.943
0.292 3.188
4.402 5.764
5.808 5.531
0.286 9.853
8.641 8.794
3.640 3.947
2.105 4.358
1.673 3.246
6.639 9.422
4.532 4.646
2.259 2.059
3.784 4.831
9.199 4.776
5.827 6.623
2.357 1.257
2.626 5.020
8.676 1.879
4.518 0.082
4.896 9.337
0.551 6.249
3.119 7.647
9.926 6.416
6.366 0.423
2.048 9.437
6.113 3.503
8.805 9.933
1.175 7.384
1.534 5.995
1.310 5.123
2.118 6.964
5.963 6.503
5.560 1.515
2.797 9.744
6.088 9.928
6.748 0.611
6.913 4.831
8.183 9.778
8.931 6.550
0.325 7.125
7.643 9.065
0.787 1.415
7.359 6.829
9.674 7.572
2.712 6.879
7.745 7.121
4.425 3.189
8.931 1.575
5.290 2.908
7.271 9.170
6.485 6.389
0.009 1.557
1.827 2.240
4.213 3.355
4.412 8.069
4.251 0.638
0.406 2.340
1.253 1.289
7.973 6.310
5.993 4.677
2.939 9.954
2.629 1.646
4.122 0.797
5.439 2.630
4.464 8.263
9.298 1.283
6.122 7.038
2.986 8.791
0.706 4.238
6.824 0.464
1.356 5.721
4.490 8.084
0.939 7.142
1.461 8.401
8.517 0.535
7.843 4.101
6.438 5.765
0.558 0.868
2.755 6.727
8.088 9.252
2.941 5.724
6.845 5.148
4.411 8.790
5.018 1.574
0.161 8.719
3.514 6.938
6.905 7.794
0.786 7.810
4.762 8.461
0.905 6.363
9.976 0.684
3.503 0.859
5.439 1.680
5.234 7.855
2.367 8.771
6.736 4.706
4.860 6.633
8.645 3.628
1.678 4.852
3.585 9.853
9.452 8.595
0.244 9.693
0.531 1.019
2.255 1.730
6.931 0.194
6.596 7.895
3.297 3.351
8.191 9.534
2.700 2.054
3.622 9.386
9.061 6.322
3.163 6.937
5.090 6.442
6.158 1.944
1.966 7.898
1.214 7.864
6.968 8.492
2.101 9.406
8.493 4.831
8.111 3.206
7.363 6.888
8.335 8.423
3.228 3.353
0.853 6.658
8.678 1.070
0.906 3.369
9.643 5.651
1.919 8.528
5.080 6.420
0.097 8.367
6.408 6.514
6.839 9.891
9.270 0.074
4.586 0.810
0.662 9.967
8.126 9.620
8.873 0.895
5.612 1.476
3.034 3.554
1.374 0.172
1.288 5.805
9.758 3.388
7.039 5.566
4.416 5.187
0.538 1.890
3.020 7.567
1.526 5.756
6.800 3.080
8.812 7.610
6.988 9.703
9.488 6.844
7.430 9.235
2.235 6.355
8.706 9.921
3.094 9.507
2.412 5.284
4.537 4.251
5.936 5.908
2.466 7.084
6.638 9.836
9.556 1.891
9.694 5.919
7.484 8.075
6.750 0.835
0.317 9.377
1.413 0.303
3.404 7.894
2.726 4.181
7.364 8.271
3.212 2.919
5.109 3.311
0.726 4.057
7.711 6.441
4.140 1.774
7.924 9.940
3.955 1.288
9.956 1.993
7.021 5.056
9.011 7.006
9.906 7.902
9.063 2.719
4.395 2.859
7.334 9.549
2.981 7.749
8.100 9.797
4.679 6.242
8.168 9.469
4.804 4.172
7.092 4.589
2.024 1.941
9.994 1.353
1.589 6.896
3.317 0.637
7.787 9.028
2.337 5.684
9.564 9.462
2.025 7.801
8.735 3.757
2.793 1.402
7.511 8.496
4.140 2.871
2.911 4.647
4.854 1.467
5.402 8.829
9.133 5.197
2.294 7.369
7.532 6.577
6.405 3.550
7.609 3.896
7.752 4.920
8.050 2.267
8.011 7.377
1.945 7.294
9.128 8.542
8.627 3.252
4.351 7.106
7.551 0.033
8.019 4.315
0.742 3.051
3.834 2.039
2.033 5.350
0.894 4.750
2.982 6.387
9.118 6.883
6.312 3.041
5.162 0.360
0.440 5.588
6.433 9.677
7.506 8.712
5.235 6.838
8.450 8.300
1.903 7.309
8.337 7.078
2.793 5.975
5.824 3.380
2.880 1.896
7.704 0.820
7.240 0.427
6.743 7.478
1.989 5.231
7.261 9.980
2.229 5.610
6.545 5.373
4.892 3.678
2.483 9.298
6.953 8.348
4.567 5.785
7.473 3.077
6.218 6.960
8.845 7.968
3.841 1.058
6.466 7.152
8.727 1.435
0.552 1.661
7.884 2.740
6.182 9.217
7.730 3.972
5.661 7.674
5.929 5.225
8.058 7.912
8.515 5.484
8.284 2.581
0.893 1.638
9.811 9.486
8.762 5.983
5.484 9.896
3.300 8.026
8.528 1.369
1.433 6.206
4.513 9.008
6.506 0.082
0.210 7.688
0.505 1.076
4.514 9.925
9.330 4.287
4.518 4.685
6.931 5.365
9.765 6.472
1.667 3.702
4.834 4.052
5.637 2.003
2.197 7.685
0.374 8.593
1.143 2.005
8.781 0.385
5.961 3.014
7.808 7.834
4.800 8.217
5.864 9.177
8.463 1.122
7.297 5.994
7.469 9.206
2.345 2.151
1.161 0.111
9.994 2.013
6.403 5.069
7.701 8.839
0.549 7.000
7.425 2.313
8.089 6.123
4.635 7.798
7.940 4.335
7.319 7.810
3.466 8.310
7.570 7.384
1.890 3.420
9.808 8.928
4.118 7.176
5.464 0.613
3.981 2.782
4.913 7.019
7.600 9.237
2.215 6.044
7.072 9.981
9.018 5.205
0.949 8.350
4.380 5.223
3.387 7.146
5.774 0.426
7.949 1.546
2.957 3.200
4.960 8.407
8.899 1.649
9.913 4.453
9.518 5.662
8.324 2.048
3.890 5.750
2.211 5.970
5.435 0.809
7.503 9.786
8.871 7.776
9.781 2.142
0.880 9.292
4.379 5.106
6.212 2.024
6.418 1.203
8.682 9.408
6.813 4.843
4.879 5.050
3.154 5.424
3.916 5.388
3.816 7.143
7.810 9.184
4.697 3.645
7.731 2.276
3.851 2.798
1.231 9.233
3.656 6.324
9.627 1.466
6.217 8.926
2.065 4.765
3.750 2.692
9.509 6.553
4.953 7.038
1.775 9.698
5.177 9.610
0.075 7.565
1.030 9.532
0.324 1.971
6.123 0.647
5.887 0.398
6.418 2.884
6.946 2.735
8.643 8.557
8.759 0.470
6.228 9.315
2.073 7.750
6.763 2.507
3.295 2.299
1.303 9.960
7.920 4.508
9.575 5.928
7.527 6.502
0.754 6.833
2.878 8.713
1.908 9.582
5.761 3.749
5.355 4.827
4.725 1.847
7.315 7.699
3.526 5.564
3.942 2.980
2.154 6.269
5.376 7.516
8.950 3.914
1.089 4.032
4.617 0.018
2.610 2.792
2.133 5.438
5.769 7.759
0.621 4.519
5.088 0.263
2.031 3.610
3.624 6.240
8.295 1.773
8.597 9.446
3.031 0.391
0.281 4.772
9.277 1.286
5.638 4.431
6.377 0.319
8.099 5.609
9.529 6.404
5.564 5.606
6.204 5.070
0.314 0.550
6.948 6.857
9.665 5.381
5.637 9.509
2.285 9.549
6.027 3.149
1.486 0.259
2.470 8.631
9.706 5.985
6.286 6.146
7.960 1.138
9.421 7.157
5.858 4.377
9.667 3.209
0.647 7.515
6.808 8.250
0.123 3.890
0.016 5.884
3.725 5.155
7.417 6.991
7.030 9.397
2.498 3.247
2.567 2.712
3.516 1.029
0.360 6.274
1.994 9.618
3.988 9.769
5.884 0.466
5.750 2.362
4.165 5.256
1.180 3.331
1.057 0.769
3.329 4.623
8.831 7.077
6.184 4.367
8.410 5.215
0.778 1.505
2.101 5.792
0.574 8.932
4.655 8.059
7.587 4.370
5.843 0.132
1.233 9.376
5.323 1.225
5.299 2.092
6.390 5.586
4.204 0.666
8.655 0.555
4.775 4.401
6.661 5.676
6.951 2.817
4.423 4.251
7.097 8.068
8.158 9.119
3.260 1.997
0.547 0.416
8.108 3.364
1.584 3.164
1.173 1.653
9.249 5.157
8.255 2.938
4.221 8.125
4.248 6.767
0.428 6.214
8.932 0.253
0.189 6.745
6.951 8.002
5.477 4.127
4.980 2.402
5.900 1.163
4.199 8.422
6.269 5.788
9.076 2.533
7.645 1.110
6.908 5.322
1.709 6.061
7.736 6.301
5.304 8.300
0.513 2.611
1.213 6.128
1.032 0.214
0.110 5.111
7.236 3.380
3.917 6.078
8.957 0.395
3.445 5.644
1.576 6.817
1.448 3.607
0.622 6.252
7.464 0.482
4.810 0.408
5.452 6.591
6.839 6.353
2.861 9.488
2.884 1.166
8.262 9.090
1.762 7.736
2.390 4.014
0.988 9.914
8.740 9.374
1.786 0.743
8.349 2.836
6.509 0.050
9.254 2.638
5.844 1.260
1.540 1.113
9.363 8.139
1.195 1.789
4.020 7.908
3.976 0.609
0.945 8.821
4.874 8.733
2.866 7.567
3.654 6.874
0.720 1.894
5.911 2.944
4.320 8.392
6.617 9.867
5.757 4.440
2.652 5.324
7.720 2.642
6.864 3.437
7.292 1.770
5.374 2.675
9.612 1.945
0.667 2.958
7.572 4.449
9.217 3.191
6.401 8.570
1.992 9.046
2.007 5.073
6.845 2.425
8.314 0.944
2.379 0.133
1.101 3.313
7.474 2.583
9.699 2.189
7.372 9.687
8.761 2.788
9.502 0.527
9.001 3.249
3.475 3.251
5.543 2.598
4.551 8.392
4.838 4.693
1.378 8.947
7.246 5.651
3.823 6.710
8.618 4.919
7.323 1.047
2.620 2.539
2.336 2.931
0.035 0.233
7.013 4.100
1.504 4.502
0.650 4.467
9.935 5.603
0.215 8.340
1.906 9.084
3.216 8.942
5.922 7.431
8.100 7.889
7.966 2.817
8.742 6.607
3.569 5.490
8.907 6.976
9.874 1.662
7.977 5.958
9.895 2.134
5.264 1.545
5.012 3.641
3.066 8.581
0.272 7.984
1.481 2.980
4.982 4.468
4.562 6.351
1.831 1.661
5.435 5.871
7.916 2.300
2.129 3.991
8.164 3.092
3.621 6.046
6.247 5.678
9.273 8.983
6.432 5.181
2.963 6.140
3.109 3.590
8.282 0.995
5.994 4.082
0.997 7.716
6.005 5.926
2.867 0.421
9.249 9.446
0.263 6.378
5.198 6.796
0.056 4.695
6.422 9.839
1.910 2.698
5.257 2.289
3.184 3.986
5.703 3.739
7.783 2.332
2.842 9.070
9.792 1.282
1.523 3.271
9.539 8.936
7.426 1.376
0.947 5.433
6.564 7.365
1.475 5.341
4.548 2.537
3.605 9.340
5.558 0.165
5.376 1.060
7.404 8.438
1.004 9.188
1.196 8.297
0.067 1.715
6.106 0.525
5.030 0.424
0.526 2.703
1.661 9.469
9.892 2.857
1.554 8.339
6.507 7.739
5.509 0.388
5.095 9.922
0.836 3.813
5.944 7.931
9.332 8.561
0.036 1.525
6.511 4.804
6.589 4.151
8.920 2.918
0.207 3.603
8.097 6.032
6.233 2.674
2.891 2.492
0.166 2.122
1.670 0.614
6.251 4.277
4.571 0.540
1.169 0.821
8.602 1.902
4.044 5.982
6.101 9.651
3.827 1.069
8.141 7.945
9.603 9.497
4.179 2.135
6.938 2.012
9.124 9.432
3.056 1.285
7.765 2.017
9.850 5.248
1.072 4.197
1.226 1.217
1.821 6.849
9.093 3.802
5.498 7.835
8.716 0.763
3.126 7.906
1.973 1.015
9.466 8.115
1.713 6.831
0.074 8.166
2.769 9.892
5.661 6.366
3.330 5.183
7.119 7.308
6.940 3.595
8.162 6.964
8.655 6.481
0.881 4.169
4.567 8.612
3.560 5.870
5.625 7.370
2.334 5.337
3.072 8.563
0.671 8.422
1.559 6.150
9.766 2.257
0.639 7.948
6.210 9.452
0.072 8.457
3.380 1.211
6.007 4.475
4.657 4.397
9.174 4.873
8.898 7.791
8.861 6.207
8.823 6.809
1.855 4.871
8.676 9.412
9.123 8.906
0.313 0.597
2.477 7.492
1.462 8.273
7.739 7.561
3.369 2.159
2.891 8.594
4.807 8.047
9.966 3.713
0.365 3.559
7.449 5.681
2.992 5.818
2.764 6.555
7.942 5.805
2.580 6.700
3.003 0.351
8.891 1.426
7.375 1.037
3.971 5.805
0.277 3.873
9.543 6.478
0.794 7.607
8.726 6.552
6.894 8.413
8.421 5.891
0.316 5.174
0.237 8.138
6.219 5.662
0.311 9.641
4.176 3.730
9.010 7.785
3.811 4.209
1.527 2.338
2.491 7.752
0.613 3.567
7.919 6.467
5.627 3.942
7.202 3.085
7.441 5.411
3.840 8.952
0.411 5.957
7.850 5.749
8.336 6.637
9.635 0.560
9.081 6.269
1.024 7.454
4.400 0.339
1.133 3.930
1.159 6.804
9.260 8.189
2.035 3.309
8.134 3.973
9.488 7.287
8.715 1.733
4.108 2.499
4.312 2.393
7.066 4.930
8.153 1.455
6.316 0.562
7.115 1.403
3.178 0.351
6.757 2.395
4.253 0.731
4.614 3.658
3.512 3.071
0.756 0.880
3.895 6.661
6.150 9.415
1.983 8.589
3.318 4.819
2.485 6.758
4.204 0.331
4.249 3.171
9.076 2.729
6.788 7.791
7.798 5.829
9.114 7.253
2.096 4.520
1.933 7.063
0.884 4.212
7.911 1.863
4.574 1.775
1.826 1.187
0.454 1.333
7.369 2.164
3.845 1.712
7.902 3.141
4.413 5.960
2.247 4.213
2.431 9.338
0.944 7.819
6.340 9.556
2.765 2.065
1.059 2.372
6.705 6.222
9.350 7.028
5.576 8.892
1.851 7.674
8.739 5.569
2.252 0.203
9.663 7.022
1.933 0.336
1.093 7.459
1.917 5.768
4.912 8.335
3.696 3.768
7.242 2.215
6.431 7.132
9.908 1.362
2.289 3.860
5.142 6.435
4.416 2.056
0.900 0.211
2.580 4.140
8.463 5.166
1.840 9.723
3.857 7.347
0.658 0.628
3.281 6.089
7.195 8.233
8.361 9.935
2.584 4.507
3.917 8.527
1.195 3.507
4.204 5.513
0.255 4.098
7.136 9.747
7.656 0.835
0.851 4.315
3.094 0.066
7.420 2.848
5.630 9.139
2.996 9.051
3.496 9.113
8.044 4.562
5.919 5.219
4.900 9.004
0.626 0.854
3.238 9.452
9.176 2.145
7.565 0.458
8.436 4.473
0.244 0.534
8.865 4.546
0.897 8.763
8.609 4.523
1.727 5.163
9.847 1.773
5.652 6.612
6.628 6.678
0.345 5.588
0.027 0.701
4.738 2.477
9.261 3.921
3.850 5.539
6.129 6.241
8.851 0.505
5.400 8.122
0.314 5.351
4.045 5.996
7.433 2.498
0.611 5.100
2.309 2.639
9.748 3.819
5.687 6.326
6.097 9.173
0.995 7.748
4.439 4.108
3.729 0.660
6.021 6.664
6.576 4.148
8.045 1.336
5.956 2.721
9.166 5.030
8.409 6.634
0.712 8.442
8.136 0.647
8.899 5.076
0.333 6.709
6.355 7.519
7.151 1.454
7.482 0.720
4.078 4.912
9.988 7.068
4.693 9.148
7.231 4.040
0.391 8.607
1.636 7.039
3.713 2.452
1.404 8.772
4.437 6.651
7.000 9.187
5.067 9.022
9.171 9.493
5.931 6.104
6.484 3.873
5.404 4.531
2.091 5.440
3.084 4.594
1.614 0.098
1.790 1.457
3.457 2.450
3.452 2.967
6.779 6.913
2.708 7.632
9.938 0.089
2.264 1.078
7.690 8.968
1.627 1.610
9.199 5.734
0.223 6.587
3.540 6.732
1.051 6.099
3.525 6.415
8.846 4.085
6.383 8.776
8.087 8.570
8.717 5.632
2.547 1.596
0.531 0.343
5.156 4.544
0.070 1.805
0.356 6.744
3.837 1.188
9.252 1.916
6.023 5.288
2.330 3.064
1.968 8.805
7.943 6.441
6.964 3.308
3.380 0.120
0.484 6.083
9.952 9.929
7.649 8.452
1.374 1.296
4.203 0.231
2.607 5.956
9.097 3.696
7.845 8.955
3.380 7.796
2.985 3.414
1.209 8.823
4.143 5.626
9.388 0.390
7.474 6.266
3.963 8.931
9.136 4.704
1.360 1.473
9.677 0.735
1.697 6.929
9.469 0.519
1.293 4.295
3.153 7.349
8.141 3.767
4.504 2.399
5.916 7.003
8.021 6.032
7.850 0.428
1.874 0.569
4.634 0.788
7.106 1.389
9.139 7.084
6.322 5.878
6.046 7.597
3.769 4.340
7.483 8.218
0.309 8.969
6.120 7.266
8.332 7.634
5.197 6.342
1.959 5.143
8.833 9.818
5.962 8.775
6.991 8.551
9.616 2.041
1.597 1.814
1.753 8.852
2.007 8.978
5.448 7.449
5.947 6.128
3.722 0.854
2.020 6.405
0.076 7.566
1.055 4.892
6.676 1.979
4.973 2.474
3.535 5.215
5.859 8.142
0.913 7.171
8.654 3.504
1.975 2.022
0.332 9.242
9.378 2.173
4.948 2.877
1.235 5.599
4.011 3.580
0.300 1.322
6.115 3.647
0.434 5.796
8.412 5.382
5.079 0.098
4.233 7.055
4.243 1.638
3.724 1.143
1.201 2.086
9.947 2.652
0.758 1.398
9.054 2.028
5.257 9.183
7.763 6.714
8.029 1.752
7.924 2.011
4.715 9.949
8.693 7.792
5.480 3.185
2.358 8.790
3.652 8.662
5.305 7.587
9.519 4.330
1.830 4.062
2.048 0.384
6.070 7.619
1.969 2.638
3.051 7.873
7.205 6.781
7.130 1.918
8.423 5.980
7.814 6.467
5.852 7.700
0.516 4.382
3.261 2.429
2.330 4.528
9.922 6.596
0.179 7.375
5.690 9.240
1.024 4.306
8.382 6.328
1.302 1.859
1.235 2.677
8.876 5.382
2.293 8.655
4.425 4.042
4.581 9.719
4.476 6.991
3.745 0.956
8.429 2.306
8.966 9.026
0.493 0.459
6.212 3.561
9.070 6.545
0.084 8.012
7.233 6.763
2.683 3.646
6.798 4.477
3.168 3.939
8.438 4.880
8.064 3.638
7.487 2.368
1.251 0.278
8.349 2.690
5.393 1.136
6.138 1.398
2.335 10.000
1.069 9.825
2.910 6.076
1.941 8.249
3.174 1.729
7.562 2.218
4.306 0.451
1.006 5.229
0.479 2.562
4.481 3.913
2.096 0.643
4.332 0.513
7.546 9.997
2.514 6.278
8.571 1.799
6.898 4.975
4.826 5.614
0.796 2.999
5.701 5.151
8.936 6.420
0.219 7.133
4.913 3.367
1.624 3.117
3.936 1.278
4.621 7.988
1.110 0.593
7.961 7.073
4.615 0.264
4.809 6.929
8.879 6.741
9.437 9.776
5.700 3.996
2.777 7.039
0.555 9.507
7.164 9.219
8.613 9.028
2.318 3.443
5.270 9.166
8.300 2.236
0.404 5.351
9.413 6.011
8.313 0.100
7.578 2.165
5.698 3.691
7.279 2.663
0.006 9.209
2.315 2.814
3.003 7.750
7.477 7.711
1.243 3.122
5.879 9.602
5.897 7.145
5.892 1.337
2.011 7.004
7.567 8.781
0.699 1.740
1.753 7.851
1.144 1.439
8.969 1.217
9.883 1.370
7.355 5.999
6.260 9.351
0.361 7.322
1.315 5.604
7.759 7.844
3.819 1.868
9.220 3.616
8.047 9.769
5.799 4.057
6.362 2.018
8.889 9.823
8.734 2.375
9.236 4.031
4.246 8.813
7.411 2.288
5.216 4.718
3.473 5.423
2.458 0.641
8.318 2.011
9.853 1.819
3.683 1.108
8.498 0.232
6.088 9.627
3.164 2.849
1.449 2.635
8.668 6.957
5.124 0.774
4.877 2.486
5.941 4.109
3.742 0.093
1.030 0.884
1.934 3.263
4.565 3.241
7.293 7.546
0.236 2.109
0.341 6.115
1.438 2.311
8.694 1.491
5.556 3.907
7.887 0.505
2.370 7.027
0.280 7.390
9.378 9.359
5.888 2.038
4.533 6.871
2.393 1.978
5.973 1.774
5.869 6.203
4.612 4.537
1.788 8.383
4.086 9.705
0.063 4.146
4.158 7.770
7.137 5.707
7.670 0.759
1.906 0.105
2.704 8.355
8.747 9.199
2.069 6.449
9.852 1.236
5.148 7.297
7.894 5.096
7.325 5.556
4.300 5.468
0.793 1.154
2.975 0.123
5.898 3.462
1.818 1.120
3.853 2.284
8.710 5.605
2.447 1.320
2.669 3.156
1.610 5.543
4.001 5.666
9.115 7.231
5.584 6.234
5.804 2.898
0.293 9.949
6.814 6.558
7.943 3.719
4.089 0.466
2.496 2.183
9.017 8.168
0.853 5.756
4.336 6.120
5.766 7.571
6.152 0.938
1.490 3.791
4.434 9.999
3.212 1.236
3.618 4.158
6.723 2.365
1.863 5.150
7.975 2.937
5.793 5.459
2.003 8.579
5.308 1.326
8.547 5.911
4.185 6.021
2.890 3.113
1.451 2.016
5.621 3.507
3.486 1.634
3.642 4.598
2.572 9.369
9.215 7.834
5.333 7.704
4.650 9.187
8.929 3.021
8.173 0.994
9.648 4.968
4.316 8.792
8.559 5.021
1.016 0.472
4.653 1.427
5.622 8.993
0.614 7.960
7.143 8.277
6.177 8.223
3.775 0.622
7.741 5.153
1.039 0.570
7.983 9.255
6.870 5.395
6.760 2.148
5.644 3.980
5.416 0.730
1.913 1.354
5.528 0.714
6.513 6.656
1.895 9.408
5.682 8.971
2.743 7.492
4.373 4.602
0.237 8.641
9.095 4.961
5.478 6.045
3.933 9.518
5.644 2.981
5.566 6.532
4.459 7.641
6.516 2.018
6.109 7.630
7.209 2.232
8.162 5.620
5.974 1.065
3.667 7.047
0.074 9.023
1.144 6.608
0.343 1.720
3.878 8.807
4.698 5.872
0.010 5.091
3.426 5.251
7.015 4.304
0.252 5.673
5.505 3.944
8.759 4.292
7.199 9.097
5.127 7.986
5.313 3.957
4.857 0.107
6.857 0.669
9.167 2.378
8.855 0.619
4.227 3.315
2.404 1.388
2.174 3.173
3.285 3.621
9.424 7.758
6.358 3.681
0.296 6.222
5.215 2.014
6.844 2.989
9.901 9.210
7.401 0.639
1.896 4.396
3.230 9.247
0.289 3.009
0.374 6.521
3.359 8.328
2.605 1.872
0.121 0.247
7.499 8.950
6.170 8.472
3.706 3.700
9.527 3.258
6.470 0.128
8.174 5.113
9.858 2.078
0.606 0.921
0.603 9.031
0.407 1.756
3.274 0.781
9.765 5.889
8.025 0.328
5.749 8.442
4.518 0.415
3.927 7.093
3.951 9.965
2.817 2.041
6.071 0.505
2.553 8.117
2.177 4.177
0.913 1.196
0.845 5.309
0.465 6.067
4.343 2.122
0.184 4.353
4.368 1.646
5.667 2.931
4.677 4.411
8.736 3.525
1.167 2.040
1.854 2.063
6.682 9.370
4.242 6.694
4.955 3.737
2.278 9.078
5.418 5.301
9.182 1.443
2.174 4.906
6.025 5.998
2.962 0.504
4.804 2.225
9.566 7.214
3.245 5.202
8.284 3.895
2.298 8.815
0.481 9.515
6.878 0.713
6.013 3.725
6.000 0.183
6.776 8.859
5.797 8.047
0.863 3.406
4.749 7.696
9.275 1.104
5.239 5.929
6.430 6.269
6.414 8.923
3.091 8.747
7.589 7.305
5.275 2.506
1.409 1.493
9.797 3.275
2.549 6.149
7.064 5.691
3.950 3.196
4.442 7.160
6.497 6.877
0.554 8.360
3.934 7.968
4.679 5.894
3.542 4.747
9.663 7.601
9.750 2.418
3.869 6.309
2.545 5.243
7.335 5.591
8.292 0.892
4.970 6.248
0.464 0.961
2.393 7.681
4.320 0.964
8.037 1.201
7.962 1.683
5.633 9.238
0.737 1.531
9.342 7.646
5.480 4.194
4.816 9.617
0.970 1.576
7.603 0.325
9.076 2.078
9.458 9.498
3.209 9.447
5.421 2.072
8.521 3.653
8.049 5.320
0.972 9.156
6.950 9.673
5.500 9.780
4.271 2.830
9.061 1.396
5.675 5.669
9.768 7.254
1.098 0.262
9.230 5.385
6.616 0.532
6.469 2.100
1.930 6.842
3.005 7.760
9.349 3.023
8.701 6.093
4.245 5.526
4.254 5.803
5.737 8.116
8.259 5.467
6.983 8.106
6.944 5.767
2.251 9.605
9.270 5.260
8.389 7.947
2.644 1.673
9.985 9.733
4.573 6.394
4.237 8.152
2.559 2.595
9.115 8.978
3.690 4.699
8.269 2.519
3.039 0.886
2.523 9.529
8.140 5.410
4.821 3.024
4.733 7.720
1.952 5.845
3.438 1.102
1.444 3.861
4.675 9.029
8.785 9.299
6.261 8.537
5.472 4.760
1.481 6.604
3.422 5.403
3.455 5.800
7.643 2.179
9.799 7.080
6.663 6.053
0.214 4.501
0.647 6.896
2.098 5.884
3.668 1.819
5.915 8.888
7.986 5.261
5.612 1.859
6.146 8.642
0.676 1.297
8.232 6.682
2.883 7.876
0.161 2.087
9.011 3.504
9.031 0.481
2.759 5.923
5.211 9.548
6.875 4.139
0.855 3.919
0.146 6.468
3.297 8.791
5.553 7.958
7.365 7.831
6.455 3.340
0.321 8.756
0.357 5.702
7.866 8.198
4.672 8.683
0.706 3.591
0.561 6.493
6.114 6.137
4.994 8.839
1.270 2.128
1.027 5.673
3.473 6.444
9.964 9.788
2.585 0.648
4.779 5.242
5.783 3.743
6.264 2.937
0.385 2.113
9.779 3.541
2.558 1.461
3.118 8.187
6.584 2.419
5.175 1.551
5.176 8.426
8.749 7.000
4.770 2.255
9.758 4.263
7.222 4.268
0.311 7.107
9.129 7.570
5.575 0.529
3.458 8.119
0.748 5.561
7.703 8.318
8.320 9.326
4.711 7.790
1.473 2.220
1.367 6.638
7.280 4.968
8.568 0.167
9.855 8.355
1.007 4.106
0.606 3.725
9.174 5.255
4.538 9.140
3.199 1.183
4.672 8.294
3.940 8.360
8.072 6.383
6.789 3.872
8.220 7.185
1.308 6.824
8.007 2.668
6.902 6.259
1.334 9.379
3.997 3.635
5.061 4.327
8.164 6.876
2.400 9.247
0.179 2.119
4.205 7.939
3.122 6.244
8.206 1.572
0.023 4.923
7.463 8.817
4.919 9.409
6.447 0.107
8.946 0.564
2.038 1.437
1.774 8.435
3.443 9.338
7.363 4.900
6.386 9.232
8.816 7.180
8.272 1.340
0.766 8.014
9.935 8.701
9.185 8.452
3.278 9.612
2.902 7.800
7.120 6.455
5.199 6.480
0.916 3.438
5.999 7.524
4.445 2.275
2.970 6.117
8.494 5.245
7.335 7.083
5.616 8.522
2.453 9.185
7.785 0.346
2.708 5.713
8.770 8.625
8.516 2.069
6.713 5.772
3.852 1.450
4.920 9.083
8.552 9.303
2.008 4.930
4.815 6.046
2.922 1.949
4.641 8.688
9.098 1.335
8.014 0.656
9.155 0.804
3.424 5.961
0.755 7.367
1.660 5.934
2.233 4.669
4.833 3.079
6.238 3.596
6.383 9.806
2.618 2.897
6.252 5.405
6.756 5.797
5.167 6.642
0.176 2.591
0.294 3.126
3.491 8.226
7.130 3.146
3.790 8.336
4.818 8.605
9.494 0.038
0.090 4.645
6.719 4.232
1.362 8.532
6.518 5.761
8.628 6.145
7.727 6.686
6.942 9.485
8.298 6.064
6.380 7.460
8.170 2.996
1.751 3.610
4.168 4.770
3.599 7.052
3.115 3.366
0.797 3.589
0.204 7.618
3.546 6.391
5.997 1.122
6.055 3.281
3.763 7.747
2.133 8.297
2.888 8.427
0.743 1.847
9.596 7.673
0.181 4.303
0.535 6.013
5.873 9.742
5.773 2.267
5.763 9.852
6.024 6.939
4.158 2.530
2.260 9.500
8.105 3.383
9.370 2.319
8.045 8.177
8.584 1.226
1.650 3.934
2.397 5.588
5.975 4.556
5.114 3.961
2.937 8.184
7.572 7.612
5.660 5.571
3.142 5.317
7.289 8.293
5.290 3.820
4.303 9.287
4.850 7.859
8.168 1.684
8.409 4.093
0.025 3.738
5.100 1.311
8.324 4.044
1.719 0.609
0.078 3.424
1.048 5.949
2.017 9.229
1.442 4.182
2.374 0.979
6.668 5.552
3.722 7.785
0.070 6.666
6.197 0.213
1.079 3.014
7.807 6.867
6.757 1.879
5.304 8.591
4.039 7.989
1.071 6.147
7.580 4.606
8.582 6.005
7.237 9.259
8.347 4.582
4.637 5.508
5.361 8.037
7.023 8.055
9.337 4.515
2.694 7.054
6.213 3.889
5.545 6.027
9.772 6.502
7.167 0.191
6.317 9.154
1.099 0.930
8.198 4.895
2.073 5.216
3.625 5.854
9.445 3.983
5.376 8.018
6.988 6.650
4.511 5.843
0.447 0.835
7.073 2.888
8.397 8.884
2.553 9.852
2.315 3.163
3.262 2.188
3.635 8.708
3.495 4.958
4.160 8.221
6.645 7.124
9.703 7.024
0.445 6.625
7.988 2.967
3.817 7.649
1.642 1.366
1.498 9.650
9.429 9.977
2.049 7.638
3.675 4.045
6.470 4.505
9.658 1.681
1.098 2.672
1.781 2.498
8.163 9.762
3.470 9.594
7.148 0.495
6.748 0.439
4.834 8.589
1.558 4.630
8.229 6.632
1.123 1.773
6.295 8.242
2.518 6.428
3.852 7.182
7.566 0.428
9.784 4.732
3.516 9.299
4.255 1.254
3.268 4.611
3.107 8.266
1.743 2.068
9.766 8.001
1.370 0.238
4.043 8.513
1.410 8.319
9.792 9.062
7.613 2.270
1.526 5.286
0.799 7.060
8.827 3.579
1.757 2.403
7.839 2.158
0.348 5.141
2.643 4.794
9.869 8.497
0.380 9.582
8.175 2.568
7.108 3.765
6.046 3.051
1.859 4.105
0.450 8.523
6.416 1.593
0.389 0.097
1.931 2.849
3.865 1.833
2.562 2.088
7.379 0.818
0.071 3.993
7.889 7.261
6.042 7.185
5.286 1.148
4.358 6.043
6.798 1.196
8.128 7.765
0.751 1.539
2.972 3.148
3.177 4.004
3.689 4.550
3.599 4.390
8.705 2.702
2.667 5.916
5.114 6.181
8.744 8.262
9.674 2.401
1.086 2.355
7.205 1.810
5.204 5.288
9.135 7.813
8.792 1.246
9.447 5.636
1.526 0.334
0.323 3.914
3.004 9.160
8.202 8.919
3.761 0.065
8.905 8.067
9.051 2.672
7.429 6.521
3.739 5.314
5.728 6.469
0.649 7.566
3.037 6.021
2.717 7.246
8.731 2.380
9.002 4.776
9.252 5.497
6.531 1.094
0.691 7.317
2.589 8.347
7.948 6.226
9.106 2.806
8.841 2.272
0.676 7.127
9.112 4.916
0.888 0.145
4.875 3.652
4.100 2.098
1.057 4.776
5.427 9.074
9.935 4.066
2.452 2.939
0.180 1.821
3.603 4.986
0.962 1.294
8.453 7.206
3.116 6.854
7.079 0.772
0.946 2.660
7.676 7.975
0.603 4.159
2.462 7.719
0.153 0.976
4.918 6.894
8.323 6.653
1.538 6.287
4.525 1.042
5.785 4.089
7.524 3.557
2.402 6.652
6.152 2.339
0.114 7.110
0.761 7.602
3.867 2.211
3.198 7.441
3.310 3.857
7.487 8.828
7.099 4.910
9.419 8.037
5.180 9.797
0.713 8.397
8.008 2.780
3.041 1.720
4.298 3.750
1.187 6.611
2.201 7.064
9.536 9.702
8.125 3.608
8.593 6.167
7.635 8.029
5.237 5.289
3.841 9.778
3.136 5.619
2.691 7.440
5.923 2.370
5.897 3.496
5.396 9.754
1.697 0.972
9.887 4.383
8.249 4.089
9.831 4.806
6.114 5.690
4.872 6.263
8.821 2.715
3.490 8.751
5.691 1.781
2.820 5.884
6.373 2.463
4.825 2.826
8.729 8.953
9.014 5.451
9.687 9.564
3.064 9.278
2.076 8.840
6.890 2.179
7.621 5.513
8.920 6.676
9.700 5.226
6.532 3.033
7.076 7.506
3.745 5.390
6.095 0.523
1.057 9.208
2.599 5.013
5.358 5.329
4.439 2.855
6.986 6.498
1.191 7.524
2.759 6.062
5.182 1.101
7.206 3.080
7.249 8.980
5.101 3.704
1.317 4.427
5.001 1.813
1.427 6.382
6.572 3.751
8.348 6.286
4.671 3.652
1.397 7.686
3.766 4.148
9.711 3.765
1.139 2.315
9.097 4.551
8.913 3.900
4.992 8.077
0.461 5.804
2.829 4.075
1.253 0.143
8.828 1.409
3.311 2.298
6.586 6.000
3.841 3.521
4.905 0.131
9.112 8.296
1.794 6.322
0.939 1.397
7.633 8.504
7.645 4.949
1.671 4.863
3.305 7.740
8.073 4.358
4.215 2.932
1.694 7.255
0.269 1.045
5.965 7.961
7.517 3.282
7.123 6.590
8.406 6.541
5.723 5.633
0.640 8.293
5.345 8.015
6.449 7.776
1.483 7.245
2.728 4.139
1.597 6.102
5.996 1.179
2.094 3.290
2.940 8.126
3.714 1.598
7.506 1.405
1.446 3.249
5.169 4.434
6.470 1.821
2.968 5.077
5.760 6.809
4.274 9.367
3.765 0.390
6.086 9.775
6.685 8.458
4.804 1.380
6.637 0.231
3.341 3.877
5.219 5.322
6.562 5.291
8.724 5.548
1.264 5.392
6.523 7.751
9.060 3.010
6.070 4.913
9.782 2.434
4.141 8.780
8.549 3.122
1.787 4.727
1.143 4.213
2.861 4.862
7.024 1.204
3.789 8.203
8.816 6.340
3.746 3.391
1.223 3.347
2.094 9.941
0.888 8.089
5.901 6.972
9.002 7.583
5.889 1.806
1.881 4.745
7.228 5.970
8.032 0.006
2.593 6.532
1.511 3.894
3.114 3.305
1.776 2.814
5.050 9.158
5.099 3.645
8.754 4.583
8.876 0.967
8.627 0.281
1.313 8.880
5.865 8.513
3.774 8.941
1.669 2.535
7.362 8.163
5.094 9.401
9.599 6.641
2.670 9.309
7.709 5.110
3.736 6.822
2.188 9.810
2.287 2.049
0.577 6.433
7.073 6.538
3.136 2.663
2.805 3.206
8.504 0.718
8.197 4.633
1.473 2.114
4.878 5.298
0.453 1.673
0.154 0.257
9.883 2.617
8.873 9.262
0.843 8.871
9.652 8.352
4.735 4.376
3.462 7.293
5.838 9.488
1.507 7.442
2.264 1.664
7.470 7.696
7.772 1.159
4.357 8.186
0.678 6.063
7.653 9.629
2.966 3.023
9.102 8.044
3.015 9.639
4.897 1.664
7.857 3.480
6.725 5.404
8.844 3.493
6.381 5.180
2.154 4.432
5.519 2.629
9.421 1.075
1.361 0.036
6.464 8.834
6.132 3.006
4.503 0.981
4.208 2.546
2.557 5.829
6.429 9.438
4.909 0.693
6.713 1.607
7.200 1.893
1.389 9.587
5.262 6.476
0.399 2.337
1.716 8.532
0.111 2.239
4.166 7.472
4.843 5.300
3.505 8.403
4.634 5.995
3.539 4.139
2.707 1.177
9.200 5.146
0.316 5.559
3.529 5.315
2.886 0.552
8.601 6.634
6.108 7.913
5.996 4.274
9.743 7.476
0.540 4.738
4.616 2.567
6.685 0.429
5.442 9.968
3.189 9.293
2.237 1.303
2.151 1.129
7.354 6.862
2.898 1.017
3.663 9.902
6.069 8.504
1.350 3.587
0.616 0.772
7.732 5.932
2.381 8.165
0.258 5.784
0.420 9.590
5.696 6.377
9.710 8.619
7.613 9.076
8.727 4.229
8.612 2.535
6.460 8.740
9.355 6.534
3.056 1.992
1.161 5.194
3.346 0.249
9.267 5.633
3.146 6.351
5.481 2.268
8.482 7.774
3.142 4.680
8.743 6.248
5.532 0.568
2.760 0.566
7.310 8.710
2.028 6.614
2.577 4.361
7.377 0.396
0.019 1.869
6.722 2.972
9.723 7.800
3.504 3.722
9.470 4.267
1.206 0.384
5.501 9.917
8.696 4.097
4.507 8.034
1.860 7.620
1.254 8.681
9.099 4.877
4.803 8.358
7.671 1.562
8.964 4.176
0.245 4.616
7.333 5.828
3.188 0.759
8.023 9.210
9.909 3.882
8.840 2.984
0.903 4.611
6.991 9.583
4.828 0.712
2.448 6.742
7.690 5.956
2.135 6.774
7.775 2.346
0.862 0.933
1.764 0.727
8.771 3.255
6.866 0.924
5.072 4.648
0.848 7.882
6.144 9.133
1.405 6.917
9.006 5.599
6.023 3.789
6.527 7.461
8.413 1.903
0.572 7.953
1.226 9.745
4.715 1.111
0.517 5.596
5.746 5.983
6.457 2.555
5.047 5.542
6.214 4.315
4.032 7.489
3.790 3.943
3.569 8.457
9.295 6.030
9.221 5.297
4.858 0.569
0.463 6.764
5.915 1.263
3.096 0.611
9.395 9.396
3.975 6.588
7.694 7.255
4.800 7.839
3.916 0.778
3.772 2.131
8.544 4.000
5.822 4.090
5.209 6.123
9.338 2.494
7.643 7.969
3.969 4.083
0.847 1.627
7.082 7.029
3.091 8.601
2.506 8.997
1.639 0.823
1.068 2.273
1.827 9.417
0.408 5.356
4.691 4.118
9.248 7.195
3.147 2.062
1.534 6.320
4.726 9.606
7.071 6.523
6.248 1.932
3.606 2.375
5.372 8.867
2.309 6.762
7.097 9.932
6.738 7.598
7.502 0.725
2.337 6.052
5.342 5.479
2.219 1.746
3.769 4.585
4.044 0.526
2.928 6.781
2.449 9.235
3.385 6.077
3.718 3.774
8.381 8.377
8.530 1.935
8.185 8.314
3.001 5.714
8.882 3.303
6.129 7.498
1.977 7.569
0.617 6.454
0.722 7.383
4.512 8.437
2.616 4.663
4.278 3.315
6.287 7.070
8.589 8.746
1.145 9.907
0.309 4.424
5.284 1.459
6.907 5.808
0.770 8.833
9.118 4.051
9.201 5.662
2.763 2.395
8.453 7.676
9.426 7.077
9.485 4.561
7.384 5.255
2.572 0.759
0.087 8.398
5.364 2.957
0.094 4.435
1.059 6.596
3.572 9.562
5.586 2.732
2.982 0.953
3.784 2.842
7.666 5.342
4.974 7.206
9.537 3.533
9.572 0.474
2.184 9.762
0.331 9.010
9.366 9.211
5.049 7.043
1.125 9.201
0.438 0.180
4.157 9.314
5.522 6.369
1.675 4.293
9.599 6.469
4.775 0.449
4.761 9.487
8.474 1.320
7.682 9.430
7.832 4.967
0.248 5.922
1.547 9.209
5.642 7.419
3.830 2.755
1.175 8.820
0.194 0.979
6.055 6.501
9.597 8.179
0.628 4.501
7.785 6.094
3.607 0.678
3.977 3.852
2.898 4.183
1.135 9.544
0.834 0.957
1.640 5.268
7.212 5.632
1.496 3.408
6.751 9.698
8.376 9.506
2.626 0.838
3.210 7.701
5.341 6.738
5.889 9.820
9.544 5.786
0.728 7.492
9.128 7.764
4.766 1.554
3.142 4.681
6.826 5.863
8.157 6.335
0.561 7.387
1.028 9.244
0.523 5.556
8.653 8.179
0.647 3.405
2.429 2.446
1.495 8.163
8.083 7.299
4.759 7.228
3.131 9.671
0.141 8.345
4.382 6.338
4.757 2.419
8.080 4.280
8.368 7.861
0.956 6.463
1.248 0.146
4.791 0.731
1.478 6.212
3.247 8.781
5.191 5.391
1.042 7.091
8.677 5.685
4.473 0.117
0.063 3.179
5.513 0.141
2.947 4.494
8.404 4.040
6.317 7.677
9.761 5.289
9.496 5.649
7.549 9.612
2.091 7.663
2.557 4.510
7.165 6.895
5.729 2.488
3.631 9.041
0.851 7.842
5.547 1.276
8.473 9.972
5.892 5.135
7.075 0.814
6.992 3.109
4.526 8.959
7.376 3.119
0.319 7.991
8.372 4.756
8.772 4.677
3.311 5.791
2.252 3.597
8.285 7.621
4.414 3.991
7.937 0.561
4.620 6.958
5.807 1.609
2.599 3.584
8.062 0.829
5.043 4.006
7.479 8.230
9.808 7.134
7.405 2.087
5.735 1.349
1.758 5.886
2.113 9.207
8.417 1.117
8.931 1.090
8.832 9.869
7.301 8.323
3.201 1.269
4.461 8.790
5.084 6.302
8.580 3.828
5.070 4.457
5.978 0.315
7.499 6.008
4.829 0.776
6.404 9.873
3.443 1.420
1.287 5.879
7.825 9.082
7.275 5.329
8.243 4.053
2.024 9.502
8.678 9.723
8.528 6.125
8.428 1.751
4.005 6.461
9.268 5.594
6.015 2.950
8.953 6.879
8.636 2.411
6.778 6.004
7.484 8.447
6.668 5.055
1.770 6.222
0.284 9.674
6.529 5.315
2.343 1.530
0.061 1.276
5.869 6.681
4.523 7.456
5.009 2.771
8.023 1.985
7.490 9.000
1.490 3.569
2.271 3.819
7.825 9.930
3.631 2.284
0.250 6.887
1.670 3.108
8.740 5.169
1.016 2.926
0.236 5.125
2.409 1.674
7.661 3.186
4.303 4.045
7.279 6.527
8.900 6.139
4.929 4.271
4.877 6.319
6.423 2.945
8.355 9.116
9.064 5.281
4.579 0.660
3.392 5.963
3.737 6.184
0.090 0.208
3.189 4.708
0.243 8.428
8.163 5.644
6.253 2.355
4.016 9.292
5.344 0.156
2.618 5.216
3.719 8.463
1.428 0.220
3.755 2.818
3.306 2.125
1.372 9.315
9.936 3.363
2.735 7.544
4.190 9.202
5.426 5.974
6.128 8.274
4.046 4.857
6.584 6.890
8.230 3.027
8.510 6.863
1.649 4.891
3.354 5.957
9.664 7.829
3.036 6.290
3.880 4.180
3.895 0.631
6.035 4.265
7.283 5.390
2.070 0.708
5.490 9.956
9.449 5.566
7.599 6.797
4.573 8.253
8.717 4.818
0.502 6.989
2.932 6.737
3.764 7.085
8.614 3.441
0.940 5.734
3.753 5.482
2.425 1.329
9.574 3.396
6.030 9.510
9.296 3.598
7.994 6.041
4.064 5.418
6.901 2.837
8.759 7.097
9.617 8.785
8.028 8.284
0.580 0.515
2.762 8.037
1.589 4.834
4.065 8.017
0.708 0.950
9.783 3.670
8.052 5.158
0.699 4.156
0.271 4.751
3.425 6.641
3.742 0.036
4.601 5.614
4.311 5.243
3.030 3.847
7.903 5.132
5.335 2.395
4.411 7.111
1.953 7.270
2.111 5.542
4.745 6.099
1.058 7.836
5.375 8.259
7.748 7.358
6.427 3.510
2.525 7.759
2.556 8.657
4.824 4.920
5.112 2.886
9.062 1.495
9.722 9.947
8.204 1.685
8.038 4.280
5.807 1.249
8.606 8.027
7.346 0.239
9.522 6.677
1.202 0.855
2.137 6.271
1.329 2.891
4.306 4.623
8.947 9.467
7.750 0.864
8.798 4.797
4.260 3.693
2.503 5.165
4.547 9.540
7.715 8.635
9.952 7.589
0.984 0.818
4.998 6.743
7.857 8.557
9.504 0.840
1.293 4.354
7.747 4.496
3.138 2.537
8.739 1.810
9.489 2.771
8.246 1.649
3.596 6.474
6.498 3.370
2.611 7.211
0.060 0.157
1.396 2.173
9.553 4.063
5.284 0.310
3.686 8.976
6.893 2.001
8.299 8.736
9.937 3.439
4.192 2.101
8.132 1.356
0.400 3.147
6.719 8.749
8.463 8.427
3.627 2.925
6.883 2.856
0.856 6.238
6.732 5.823
3.926 3.130
8.337 4.671
4.418 6.666
7.776 1.008
3.366 4.078
2.358 2.295
3.932 1.717
5.605 9.603
1.017 0.293
8.401 2.608
5.704 0.952
6.247 5.071
3.055 3.496
0.073 8.090
8.738 9.968
6.971 2.881
3.139 6.048
9.144 6.448
2.118 2.889
7.946 5.647
5.298 0.419
3.379 3.222
6.606 5.494
1.367 1.643
0.451 0.931
3.627 3.797
2.641 2.602
0.024 7.241
7.128 8.781
7.913 3.364
3.784 6.626
6.871 0.029
0.382 8.792
3.349 0.538
3.926 0.466
7.015 8.584
0.713 8.822
4.417 4.231
5.601 4.137
7.505 1.856
6.006 2.245
3.631 4.174
4.397 8.304
0.059 3.878
8.564 8.514
2.704 5.810
7.609 5.394
3.098 8.714
3.553 1.269
7.223 3.315
3.153 6.754
7.380 6.051
4.614 9.207
2.606 6.231
2.694 2.352
1.005 0.197
2.478 8.460
7.152 6.943
7.085 1.698
4.596 7.241
2.451 0.046
9.668 9.783
8.980 6.779
4.364 7.551
3.149 9.167
6.550 3.738
6.700 5.310
0.508 4.972
9.314 2.893
2.109 9.453
4.418 1.190
0.914 3.935
8.815 0.046
6.244 7.144
3.931 7.479
9.044 4.369
1.646 4.246
1.364 2.194
3.449 2.653
2.276 0.362
0.441 1.170
8.149 6.029
7.688 3.212
2.886 7.486
0.959 7.772
2.416 5.349
4.575 2.564
4.796 2.435
8.921 0.311
9.174 3.651
1.860 3.272
5.243 3.185
3.840 4.904
2.401 5.453
4.256 1.588
6.342 5.927
5.590 9.109
7.555 3.695
4.881 4.854
4.595 4.069
4.963 4.363
8.357 4.026
4.036 0.531
4.000 6.120
1.479 6.579
6.461 0.380
0.931 7.050
8.036 8.423
8.350 3.960
2.082 0.487
4.141 2.448
5.623 7.866
2.218 6.412
3.904 8.053
2.529 8.689
6.334 8.766
4.675 6.350
4.597 4.087
5.578 7.451
8.668 3.548
7.226 2.640
9.207 1.383
9.124 9.839
1.428 8.104
8.361 1.145
0.462 5.836
6.120 8.049
2.199 3.802
7.502 6.050
7.932 2.392
8.947 6.090
7.224 7.461
6.612 7.085
0.399 8.477
9.232 1.547
2.192 6.365
8.881 8.286
1.150 1.140
3.386 4.261
3.200 9.642
1.517 0.008
6.851 1.929
3.979 1.732
2.325 4.167
0.943 8.400
9.881 4.860
3.672 5.990
8.545 7.998
7.814 7.560
7.965 4.303
5.242 9.938
5.464 7.003
1.652 0.818
6.572 4.717
6.685 6.330
6.046 4.932
8.150 3.933
8.539 0.618
9.682 2.527
8.573 5.301
5.801 0.365
5.004 9.978
9.380 9.854
1.305 6.542
0.400 8.729
4.427 6.904
6.877 4.747
6.254 0.608
9.455 0.896
3.546 5.111
1.276 7.283
6.511 2.335
9.074 2.112
3.370 5.587
0.128 1.760
8.287 7.621
2.767 1.585
8.555 2.250
1.986 3.613
9.917 1.633
7.046 8.640
2.146 2.505
6.492 0.683
7.391 9.007
6.896 4.020
0.800 4.377
9.742 4.077
7.446 9.766
0.345 0.613
7.618 1.616
0.394 5.927
2.622 7.416
4.901 1.390
2.569 2.656
9.284 6.306
1.234 4.532
4.516 1.906
4.720 8.664
0.066 5.429
4.092 9.523
2.833 0.560
8.289 7.579
7.471 1.824
2.461 3.940
3.654 6.465
3.066 6.687
2.104 3.228
4.132 8.357
5.290 0.144
5.578 1.501
9.945 1.675
9.011 6.572
7.902 2.007
1.064 2.395
1.800 4.620
4.528 8.773
5.851 6.635
4.832 6.440
5.211 0.173
1.676 1.383
8.017 8.002
7.362 7.775
0.011 3.619
0.346 9.641
4.458 0.164
6.068 4.633
8.028 3.211
6.749 2.961
4.184 6.985
7.386 5.014
1.491 7.990
0.041 5.452
8.000 3.350
3.135 1.301
7.837 5.717
7.376 4.694
1.973 4.357
9.951 1.930
2.145 8.541
4.065 3.846
1.086 2.576
2.454 6.256
9.460 5.932
9.594 8.424
1.366 2.293
2.885 1.756
4.078 0.084
6.555 5.486
6.690 5.118
2.111 0.380
1.955 9.047
1.832 7.553
4.577 7.031
5.529 2.778
7.122 2.438
9.494 5.897
5.572 6.944
6.187 4.113
2.390 2.275
0.921 1.362
2.680 0.420
0.873 3.035
0.176 8.781
1.261 4.686
8.801 1.625
9.520 1.736
1.788 7.201
9.161 4.646
4.198 0.627
2.599 2.056
8.917 3.876
6.622 4.504
4.222 9.434
3.032 0.668
7.064 1.332
4.881 8.974
4.674 2.517
9.594 3.099
7.129 9.616
1.682 6.846
0.790 9.120
7.133 0.526
7.922 2.062
9.179 2.141
0.488 6.569
1.582 1.452
6.540 9.995
1.091 6.665
7.299 9.193
0.600 6.835
9.891 6.632
1.207 4.752
1.378 6.537
6.695 3.026
1.326 8.752
4.772 1.407
9.955 6.194
2.628 3.242
0.274 3.473
6.330 7.530
1.742 9.174
0.307 2.951
4.001 0.972
2.214 2.087
0.851 4.487
8.052 4.284
8.044 6.511
7.451 8.387
2.144 9.042
3.396 2.557
6.993 2.768
0.742 7.933
0.684 5.002
5.459 9.636
1.626 5.267
2.445 4.609
8.178 6.501
4.900 8.190
3.263 9.094
1.817 2.937
9.395 0.465
8.619 2.846
1.786 6.662
9.483 7.609
3.211 1.035
6.065 2.823
4.850 0.215
8.420 1.048
6.379 6.331
6.973 8.589
1.565 4.833
1.419 2.803
1.126 2.311
5.719 1.711
5.891 6.193
9.574 8.730
4.913 9.385
2.952 1.915
4.278 8.681
0.075 6.998
2.880 8.048
6.879 1.769
6.319 9.641
3.748 1.171
6.224 0.100
5.694 5.904
9.327 8.901
8.972 1.274
3.366 7.132
9.075 4.649
7.197 8.050
8.767 2.849
4.547 0.207
6.694 5.955
9.510 5.148
2.114 0.270
6.760 5.563
0.695 7.796
8.592 1.762
3.486 1.705
5.888 7.917
5.226 9.511
3.319 0.489
0.774 2.438
3.282 9.012
5.086 9.218
5.483 7.513
4.423 8.632
3.247 1.562
1.408 5.540
1.802 1.437
4.218 9.699
2.173 6.713
3.794 6.841
0.763 6.984
8.006 4.033
7.791 3.140
9.719 4.063
9.683 0.606
3.840 0.876
5.762 3.181
0.617 8.285
4.324 0.409
2.807 2.549
7.813 4.609
8.777 3.527
4.522 8.718
3.558 2.619
4.301 0.863
1.457 5.124
1.479 7.332
8.889 8.060
0.054 0.303
9.523 6.318
9.114 6.802
9.717 9.042
1.611 7.898
0.132 6.701
8.940 4.345
0.867 5.554
6.214 5.332
5.448 9.929
8.860 4.045
7.691 5.481
7.653 8.311
4.977 9.914
0.881 4.281
7.914 8.794
8.160 8.092
4.665 0.454
5.619 9.792
4.177 2.208
6.073 5.256
0.038 5.647
2.840 0.080
5.219 0.008
6.137 0.974
2.075 1.102
2.831 4.173
8.847 4.643
8.659 3.896
1.577 8.584
6.665 6.470
5.928 8.173
6.501 8.510
9.320 8.006
0.802 9.651
4.240 0.889
3.913 2.311
8.520 1.426
3.643 6.300
5.056 5.887
6.982 8.810
9.460 9.757
7.480 6.777
1.496 8.469
8.359 6.550
9.523 5.357
5.088 6.416
0.284 3.129
9.802 7.288
7.688 9.549
2.103 6.565
1.772 8.483
9.294 4.613
8.056 1.837
7.498 4.948
1.916 3.905
6.307 2.935
3.330 4.544
9.914 2.378
1.918 8.725
3.400 5.726
7.689 8.974
4.773 6.238
3.694 0.290
7.400 3.090
0.755 2.614
5.304 5.113
5.684 9.878
9.864 7.914
4.420 9.595
2.627 3.652
5.939 1.847
7.008 7.475
3.397 3.255
7.793 8.113
3.512 9.443
9.083 5.653
4.907 2.323
4.569 9.856
7.921 3.059
6.256 0.049
5.605 6.638
2.202 8.206
4.866 1.871
3.634 7.044
5.090 0.959
2.358 8.375
0.089 0.835
7.554 7.567
2.614 9.331
8.879 4.628
4.554 7.022
4.924 7.145
2.083 9.319
3.722 8.208
1.020 1.874
9.672 6.251
5.039 1.248
5.062 4.236
6.112 4.273
7.310 2.827
7.618 6.612
5.340 5.290
9.649 5.371
0.383 9.500
4.715 7.710
3.282 7.612
4.862 8.660
2.354 8.118
6.793 5.330
2.482 0.650
9.908 3.467
4.627 8.844
5.217 7.811
0.988 5.254
6.580 1.739
7.511 6.234
1.386 7.116
2.727 8.402
4.266 2.990
1.811 4.772
4.632 7.278
3.646 8.870
1.350 0.113
6.105 7.324
8.980 5.554
5.880 2.322
7.896 4.744
7.789 4.266
3.709 0.539
2.416 5.509
4.596 1.664
3.874 0.223
4.533 7.326
2.084 5.236
1.014 8.242
2.305 5.735
0.336 7.731
9.274 5.283
0.357 1.275
8.647 1.732
3.891 8.401
4.061 8.008
9.596 2.379
7.842 4.283
1.748 7.224
6.694 4.037
2.705 8.713
8.363 0.505
4.556 6.879
0.072 9.029
9.812 4.323
8.956 4.130
3.447 1.209
5.930 9.820
5.360 2.481
6.449 5.371
0.628 0.351
6.875 3.798
4.484 1.645
3.160 9.018
6.980 7.764
2.938 5.168
8.280 9.478
2.372 4.346
3.912 6.805
6.872 0.554
0.195 5.082
0.916 3.979
0.662 9.431
2.534 3.193
2.552 8.592
0.576 5.504
2.260 6.897
1.315 5.113
5.553 6.829
9.180 3.811
7.336 2.822
5.707 5.612
3.388 9.941
7.129 5.090
5.884 9.338
4.214 4.849
2.109 7.040
1.226 3.100
8.364 9.273
0.441 8.903
4.673 5.359
5.005 8.762
9.096 0.535
1.905 6.976
2.892 2.952
3.463 1.240
7.475 2.074
0.318 0.087
3.585 1.739
1.352 4.819
4.156 2.884
8.642 6.936
5.084 5.320
4.146 1.628
2.586 2.907
6.013 3.644
7.138 3.641
0.289 7.036
2.533 4.531
1.503 6.837
5.203 4.039
3.140 5.632
8.906 3.676
7.462 3.461
8.733 0.947
6.651 7.199
7.685 7.322
9.620 2.891
8.622 5.405
5.056 9.188
2.094 5.086
1.763 4.027
5.012 7.940
5.228 4.531
3.999 6.209
2.348 4.973
6.888 9.436
4.918 7.621
0.450 5.382
1.139 7.280
8.349 5.449
0.859 9.295
4.855 0.115
2.160 6.204
5.027 5.081
3.216 5.605
5.104 1.468
7.173 0.665
9.436 6.728
3.666 9.476
8.574 0.578
4.453 8.198
3.172 4.598
0.128 9.069
3.395 1.837
7.654 2.558
4.515 4.484
0.014 8.884
0.211 4.255
1.885 9.096
2.670 1.663
5.878 1.631
8.386 4.798
9.840 4.933
4.696 1.892
1.074 6.784
4.777 3.613
3.490 6.296
0.440 6.630
2.742 9.650
0.157 1.618
9.748 9.373
9.903 9.741
6.076 0.809
9.514 4.741
6.221 3.611
2.660 7.363
4.364 7.070
6.274 3.792
9.447 9.500
3.458 7.499
5.147 4.992
5.245 4.058
4.917 0.637
3.918 7.867
6.322 6.499
9.871 7.646
5.169 1.208
5.491 7.810
1.530 2.171
1.920 8.903
7.153 1.639
9.062 0.224
7.915 2.370
4.809 6.750
1.484 4.158
4.307 5.585
6.286 9.123
4.175 9.654
0.302 2.302
8.865 2.531
0.277 4.067
6.626 1.539
6.548 5.708
1.394 3.085
9.261 0.955
9.747 6.840
2.443 8.339
6.108 6.744
3.201 7.115
6.781 2.155
5.108 7.491
4.510 8.245
3.410 2.691
5.651 2.654
0.227 1.083
7.259 2.470
1.874 1.294
6.422 6.397
8.803 4.573
1.372 0.675
0.973 6.472
1.914 1.363
0.365 2.770
2.402 7.124
4.727 1.503
5.092 5.274
3.902 4.817
3.485 4.107
3.658 5.659
7.019 9.806
6.410 9.136
0.380 2.138
5.829 8.760
6.573 7.885
7.807 5.629
9.416 2.238
3.069 8.215
5.484 8.992
5.605 7.839
1.648 4.517
1.435 4.653
2.542 2.225
3.765 2.736
1.530 5.210
5.386 9.983
4.623 4.879
7.624 7.593
1.195 6.116
4.266 0.274
0.775 9.161
9.954 7.696
1.014 9.225
8.701 9.685
1.359 2.659
8.464 6.174
4.102 7.468
3.655 5.233
4.878 1.828
5.644 6.284
2.854 7.564
9.776 0.901
7.317 8.219
4.310 4.634
5.552 5.191
5.261 3.771
6.555 0.410
6.974 8.982
5.926 1.100
0.734 1.311
9.464 7.979
7.680 7.210
5.687 7.480
1.734 1.564
3.682 1.747
8.475 3.091
6.993 7.623
1.520 5.246
9.096 6.498
1.006 1.600
1.687 8.082
0.181 2.248
9.997 6.307
7.591 3.463
7.335 2.566
6.757 8.604
9.947 3.176
6.822 4.110
3.238 5.035
7.236 2.385
1.686 5.792
0.174 3.117
1.276 0.699
5.969 4.837
6.498 7.788
4.574 7.851
9.263 6.645
9.477 6.534
3.788 1.061
3.076 4.430
5.414 1.401
5.056 9.099
3.118 8.924
7.520 6.851
1.999 8.405
7.623 3.448
3.428 6.650
4.588 9.604
3.870 2.272
2.256 3.096
9.208 1.396
3.827 2.523
2.929 6.308
1.153 3.663
3.260 8.839
4.097 1.174
2.767 0.955
2.306 4.025
7.834 4.675
5.070 1.067
4.821 6.805
0.754 2.376
9.511 6.084
9.064 5.177
1.056 9.550
3.398 0.544
6.895 5.473
0.128 1.903
5.498 0.455
3.066 1.194
5.665 9.280
9.551 3.988
5.188 2.540
9.950 1.112
1.663 5.310
4.470 5.030
7.939 6.961
7.472 3.409
6.863 9.928
3.536 0.610
4.972 0.186
4.381 8.767
6.127 7.630
2.970 9.376
7.537 4.769
6.281 3.393
7.954 6.483
5.162 0.399
7.057 0.281
4.494 9.093
2.543 7.125
2.138 6.135
0.070 0.060
7.246 8.929
8.259 0.351
0.131 9.050
1.163 9.178
4.629 2.204
8.626 2.220
8.800 9.012
0.953 0.248
2.564 8.730
5.885 0.823
4.030 9.811
3.592 1.519
6.884 4.574
9.767 0.027
2.474 5.301
4.141 4.864
4.760 4.187
9.897 8.922
2.564 0.983
4.578 3.891
9.378 7.736
2.814 4.378
3.130 9.566
7.001 3.822
6.647 8.406
8.152 1.131
9.008 0.585
7.668 3.256
6.843 5.130
1.572 1.443
8.882 2.709
5.428 8.304
1.523 9.364
4.034 7.582
1.192 9.403
6.448 1.507
0.104 3.949
5.184 9.181
4.325 1.372
2.394 3.607
4.220 0.499
3.888 1.877
7.350 5.922
0.617 2.467
2.645 4.504
7.229 8.174
4.570 9.112
8.116 6.175
4.361 2.417
2.861 4.789
7.223 5.323
8.579 9.334
0.416 7.485
3.576 6.748
7.893 6.554
4.564 1.212
7.987 3.818
3.019 1.231
4.718 2.638
0.141 2.568
5.987 4.361
4.553 5.966
0.995 0.355
2.519 7.100
7.846 1.646
0.180 3.060
6.889 6.600
5.702 4.954
0.920 7.868
0.654 1.054
3.229 8.865
4.614 1.904
9.621 8.307
9.733 3.211
5.028 1.619
5.144 5.116
9.426 2.910
0.745 5.408
6.056 7.345
2.572 0.788
5.977 6.485
9.664 5.342
7.141 7.902
3.777 6.549
6.231 7.148
5.679 5.280
9.366 1.111
6.311 5.886
0.483 8.176
4.550 6.973
1.266 4.396
4.025 8.761
8.952 4.807
3.986 8.784
5.877 7.922
6.177 3.172
5.251 6.625
6.006 0.533
3.576 5.695
7.764 2.099
0.329 4.651
4.265 6.833
6.995 2.180
3.402 6.458
4.601 9.743
7.881 1.618
5.362 6.237
5.556 3.071
2.311 7.541
3.349 5.955
7.984 8.852
0.461 2.325
3.367 1.009
0.947 5.270
1.656 2.946
6.494 7.576
7.989 5.071
7.920 3.536
8.562 7.376
9.757 1.722
9.653 6.894
0.065 6.065
6.569 0.063
9.537 6.025
8.450 7.680
0.158 2.098
0.437 2.666
8.342 3.584
7.595 8.616
6.931 9.008
3.663 9.558
2.090 1.205
0.987 8.883
8.355 2.684
3.859 6.072
4.558 5.355
0.306 5.976
1.645 1.355
1.659 8.356